   3.14388   -1.70402    0.25693
   9.75247   -1.78206    0.29403
  11.40966   -1.31883    0.17256
  12.27985    0.11244    0.11758
  13.65446    0.04058    0.16877
  14.30367    1.71216    0.21422
  22.00673   -2.25689    0.13310
  22.76833   -1.04525    0.22632
  23.16972   -0.30798    0.11311
  24.72938   -1.19156    0.28257
  25.90215   -1.18870    0.11773
  27.56955    0.25204    0.13988
  28.50606   -1.46412    0.19439
  28.87435   -0.64320    0.18820
  30.60126   -1.04731    0.25311
  31.63470    1.14122    0.10255
  32.05193    0.38281    0.23613
  35.07625    0.06334    0.15512
  36.10564    1.51471    0.22080
  36.64148    0.18971    0.20919
  38.39800    1.22017    0.14196
  40.92590    0.59587    0.25383
  48.60319    0.84112    0.28884
  49.96769   -0.59287    0.22871
  53.41154   -2.23285    0.18765
  53.46809   -2.40361    0.19276
  54.25599   -1.30200    0.14977
  54.34998   -1.16009    0.15135
  55.68830   -2.82401    0.10460
  56.08911   -2.30152    0.28648
  56.17291   -2.11994    0.17845
  57.34290   -1.98968    0.22966
  59.68914   -2.72760    0.17135
  61.46476   -1.79994    0.12209
  61.96968   -2.89846    0.18971
  62.43751   -2.22849    0.19378
  63.11698   -0.82802    0.11163
  64.22255   -2.58054    0.26332
  65.52860   -0.91684    0.15787
  65.95604   -1.96837    0.23022
  67.18066   -0.22695    0.13074
  68.02389   -1.45289    0.20565
  69.94886   -0.32101    0.23643
  69.95120   -0.33918    0.24236
  70.96516    0.17415    0.24852
  79.68741    1.92824    0.11025
  80.72193    0.29185    0.28247
  82.00371    1.94981    0.18741
  84.27795    1.54518    0.22719
  84.42202    1.27235    0.26428
  85.03279   -0.35442    0.13524
  85.79725    0.80609    0.21036
  86.16142    1.37873    0.20968
  87.95891    0.58965    0.28407
  88.87241   -0.23285    0.26666
  88.90482   -0.19430    0.23200
  89.34476   -1.13799    0.23794
  89.35672   -1.13774    0.15725
  90.01424    0.18896    0.28037
  91.66643   -1.48388    0.11104
  94.14192   -0.67961    0.18422
  94.24259   -0.41309    0.25738
  95.28101   -1.44452    0.28546
  96.00173   -1.58807    0.13149
  97.04276   -0.59857    0.21172
  97.13317   -0.77220    0.19023
  97.21203   -0.98886    0.24980
  99.54507   -1.56105    0.26785
  99.64557   -1.78114    0.10911
  99.98673   -1.83722    0.20113
