# t rv err_rv rhk err_rhk
   0.51295   -3.00041    0.38905   -4.91236    0.00484
   2.41686   -3.17686    0.39679   -4.90502    0.00449
   2.90138   -2.94065    0.37572   -4.90734    0.00514
   5.68849   -2.95471    0.35515   -4.89662    0.00580
   6.37206   -2.90599    0.24811   -4.90330    0.00548
   7.66627   -2.88318    0.24058   -4.90308    0.00539
   8.25000   -3.05076    0.26769   -4.90546    0.00475
  10.27428   -3.02749    0.13207   -4.90169    0.00435
  10.40189   -3.15697    0.36962   -4.89482    0.00434
  11.50546   -3.02485    0.28454   -4.89374    0.00599
  13.33910   -2.65439    0.39761   -4.89273    0.00433
  14.44784   -2.89394    0.30777   -4.89109    0.00569
  18.09146   -2.59022    0.20642   -4.88581    0.00556
  19.85799   -4.39371    0.15204   -4.87980    0.00513
  19.91615   -2.25806    0.11385   -4.87880    0.00583
  20.60819   -3.07726    0.19804   -4.88364    0.00583
  20.68914   -3.17756    0.20674   -4.87523    0.00570
  22.10290   -3.67610    0.24382   -4.88014    0.00432
  24.05896   -3.78938    0.29769   -4.86815    0.00466
  24.33980   -3.02221    0.12578   -4.86857    0.00498
  24.53433   -3.03576    0.18893   -4.86705    0.00479
  25.44211   -3.29562    0.16103   -4.86745    0.00420
  26.23048   -2.83135    0.29565   -4.85825    0.00570
  27.55588   -3.35731    0.27315   -4.85741    0.00458
  29.03328   -2.90330    0.30454   -4.85325    0.00463
  29.14227   -2.02717    0.16508   -4.85536    0.00555
  29.80035   -3.31815    0.10668   -4.85301    0.00468
  29.96168   -3.08343    0.11169   -4.84962    0.00563
  31.02695   -1.95899    0.23701   -4.84495    0.00423
  31.60965   -2.70202    0.36328   -4.84274    0.00554
  32.71391   -3.39023    0.26175   -4.84335    0.00473
  38.53769   -3.41404    0.25765   -4.82123    0.00454
  39.49500   -1.99345    0.26327   -4.81650    0.00518
  39.91969   -0.17865    0.25493   -4.81652    0.00462
  40.39567   -2.73201    0.36591   -4.81588    0.00529
  40.44052   -4.29872    0.22306   -4.81306    0.00543
  40.49894   -4.48363    0.34586   -4.81189    0.00579
  41.12555   -2.28535    0.34967   -4.80910    0.00464
  41.19530   -1.43942    0.27825   -4.81060    0.00586
  44.50614   -1.77545    0.15953   -4.79801    0.00597
  44.57584   -3.99037    0.33259   -4.79423    0.00514
  47.55964   -4.23454    0.10163   -4.78157    0.00474
  48.13033   -3.53610    0.11582   -4.78311    0.00592
  50.33396   -2.61815    0.27434   -4.76857    0.00561
  52.52557   -0.52518    0.17559   -4.76122    0.00513
  54.00345   -3.65553    0.17925   -4.75908    0.00536
  54.11622   -4.46784    0.11320   -4.76240    0.00567
  54.32025   -3.70453    0.36905   -4.76172    0.00459
  56.06632   -4.17697    0.26723   -4.75267    0.00424
  58.81040   -7.77073    0.10708   -4.75195    0.00504
  59.44492   -4.88481    0.27180   -4.75090    0.00489
  60.90665   -3.68608    0.31090   -4.75360    0.00439
  60.95599   -2.06202    0.31443   -4.74777    0.00481
  62.87858   -4.07239    0.23381   -4.75783    0.00500
  63.63737   -6.22000    0.22752   -4.75355    0.00498
  65.59628   -3.78136    0.18301   -4.75678    0.00511
  66.60902   -1.26561    0.38333   -4.75891    0.00501
  66.97247   -5.56385    0.33684   -4.76043    0.00566
  67.01452    1.94459    0.39757   -4.76567    0.00411
