# t rv err_rv rhk err_rhk
  67.21773   -1.68856    0.37237   -4.76390    0.00591
  69.52609    1.55302    0.22223   -4.77312    0.00423
  70.47156    0.97173    0.23103   -4.77812    0.00407
  72.01466    0.34546    0.28707   -4.78625    0.00592
  72.69880    2.50695    0.19729   -4.78244    0.00572
  73.37483   -5.10967    0.10978   -4.78325    0.00592
  73.57271   -1.16846    0.14933   -4.78936    0.00599
  74.77706    2.19840    0.26689   -4.79060    0.00517
  79.57389    0.32741    0.26111   -4.81201    0.00510
  80.20471    0.30561    0.39154   -4.81896    0.00452
  84.32247    0.72608    0.25948   -4.83289    0.00424
  84.89391   -0.10149    0.30024   -4.83455    0.00562
  85.91375   -0.83669    0.18138   -4.83617    0.00537
  86.50171   -1.57803    0.21789   -4.84015    0.00440
  86.66486   -1.29699    0.12107   -4.84628    0.00578
  89.67473   -0.48323    0.23315   -4.84563    0.00504
  89.70986   -1.94937    0.15964   -4.85007    0.00439
  89.96736    0.22632    0.11878   -4.85503    0.00500
  90.86628    0.03408    0.33799   -4.85946    0.00423
  91.01531   -0.50244    0.14214   -4.85792    0.00520
  94.36424   -0.49143    0.36795   -4.86603    0.00564
  95.30402    0.24971    0.15476   -4.86954    0.00448
  95.44881   -1.04377    0.34327   -4.86931    0.00512
  96.54086   -0.17558    0.36305   -4.87376    0.00434
  97.14651   -0.45831    0.10266   -4.87055    0.00559
  97.82041   -0.24222    0.28524   -4.87702    0.00460
  99.35725   -0.41920    0.34294   -4.87590    0.00594
  99.86982   -0.08783    0.37839   -4.87665    0.00514
