0.00000 -30.13565 0.74877 1.72988 0.98639 -4.73717 0.01325
0.75075 -28.97916 0.71494 2.16239 0.69496 -4.75962 0.01390
1.30130 -30.19153 0.57456 0.40770 0.99205 -4.80682 0.01931
3.35335 -31.03581 0.61865 0.42169 0.94770 -4.85273 0.01622
3.45345 -30.48333 0.43996 2.35379 0.82425 -4.85377 0.01041
6.90691 -32.17151 0.66191 0.28508 0.83600 -4.72153 0.01947
7.10711 -30.67816 0.73517 -0.26914 0.65417 -4.72899 0.01443
7.85786 -30.98267 0.42544 -1.04627 0.87232 -4.71050 0.01633
9.50951 -30.60506 0.73076 -0.81872 0.92012 -4.89951 0.01071
10.96096 -29.52211 0.79838 2.39965 0.85261 -4.96948 0.01999
13.26326 -31.84736 0.78523 0.86244 0.72716 -4.89345 0.01026
13.86386 -30.85288 0.65231 -0.72412 0.98279 -4.87151 0.01179
13.91391 -31.36383 0.43715 -0.93172 0.73575 -4.90188 0.01502
16.11612 -32.55178 0.56871 0.39162 0.71663 -4.78750 0.01649
16.96697 -31.68026 0.75448 -0.48803 0.81420 -4.74923 0.01286
17.26727 -30.99729 0.51891 1.39940 0.77936 -4.76141 0.01507
18.96897 -31.12146 0.78426 3.20249 0.94120 -4.68245 0.01870
20.22022 -30.44466 0.63796 2.66124 0.96175 -4.72447 0.01459
21.22122 -31.54185 0.77403 3.34493 0.93668 -4.79437 0.01550
22.62262 -30.38714 0.61744 2.99799 0.73904 -4.87618 0.01875
23.07307 -29.98801 0.46423 1.99501 0.86286 -4.89463 0.01292
24.52452 -29.72065 0.64324 3.37847 0.91556 -4.86421 0.01345
25.12513 -29.58384 0.60931 3.65959 0.82693 -4.83596 0.01429
26.07608 -31.50101 0.64833 3.13651 0.90364 -4.80495 0.01570
26.47648 -30.79071 0.57166 2.72938 0.93698 -4.79910 0.01156
28.82883 -31.03453 0.46737 1.63131 0.63284 -4.88886 0.01418
29.87988 -31.47274 0.46898 3.48621 0.73207 -4.95152 0.01166
31.53153 -31.23508 0.45094 1.26260 0.72174 -4.99377 0.01370
31.58158 -31.38853 0.58640 1.97855 0.67009 -4.99788 0.01083
32.58258 -32.20797 0.73988 0.60118 0.96750 -4.99975 0.01572
32.63263 -31.67025 0.79749 0.78813 0.83009 -5.01692 0.01959
34.93493 -31.97298 0.58771 -0.54275 0.74234 -4.93998 0.01356
35.23524 -31.73463 0.53561 0.46288 0.73447 -4.91690 0.01936
36.78679 -31.43146 0.48791 1.25845 0.82914 -4.80466 0.01334
38.18819 -30.11739 0.43999 2.48180 0.61938 -4.72204 0.01618
38.98899 -29.98259 0.71791 2.96250 0.84425 -4.68757 0.01354
40.59059 -27.38259 0.73421 3.35650 0.89846 -4.71174 0.01179
41.94194 -28.23589 0.63177 4.12764 0.75561 -4.80823 0.01617
42.89289 -31.01991 0.60169 4.42228 0.62969 -4.84586 0.01895
43.24324 -30.87511 0.72584 4.75939 0.75839 -4.84505 0.01383
