#  level assignment, log likelihood, tiebreaker, ID.
# 
2 -57.718165 0.249063 0
12 -50.473945 0.058494 0
15 -45.423909 0.559541 0
10 -50.596176 0.200672 0
13 -48.902957 0.202964 0
18 -43.240007 0.508372 0
4 -56.146933 0.000587 0
15 -47.321583 0.879572 0
16 -45.529262 0.592427 0
19 -43.858146 0.315827 0
7 -54.948741 0.647470 0
14 -47.769810 0.302014 0
5 -55.052537 0.540640 0
13 -49.214749 0.274994 0
9 -53.547738 0.359037 0
7 -54.210898 0.479596 0
9 -54.035513 0.215577 0
15 -46.933518 0.317078 0
12 -48.898973 0.168225 0
6 -55.589270 0.364615 0
14 -46.864084 0.653963 0
9 -53.659851 0.222531 0
19 -43.996148 0.053466 0
2 -58.887328 0.953723 0
6 -55.200684 0.238920 0
18 -43.240007 0.508372 0
2 -55.715274 0.929653 0
7 -54.914658 0.217456 0
6 -55.122230 0.282699 0
16 -46.005539 0.769439 0
8 -53.374098 0.988972 0
0 -56.261432 0.087780 0
11 -51.248178 0.791750 0
14 -48.152709 0.185101 0
18 -44.038234 0.340391 0
2 -61.037089 0.257668 0
15 -47.370459 0.647916 0
18 -43.240007 0.508372 0
6 -54.365339 0.886523 0
17 -45.455312 0.775253 0
15 -45.533049 0.817892 0
8 -54.099627 0.673752 0
5 -55.808253 0.444860 0
12 -51.145591 0.599350 0
15 -46.815874 0.979144 0
14 -46.802547 0.468482 0
15 -47.049271 0.941901 0
18 -44.414918 0.104488 0
19 -43.566814 0.087002 0
12 -47.668693 0.836105 0
3 -57.448529 0.127206 0
14 -48.330653 0.339481 0
4 -56.946220 0.722156 0
13 -50.653307 0.849812 0
3 -56.101656 0.419878 0
7 -54.713397 0.210960 0
7 -51.209158 0.866954 0
12 -49.480241 0.683017 0
15 -47.023364 0.237340 0
12 -51.702436 0.595276 0
15 -46.194114 0.231628 0
12 -49.372711 0.053575 0
9 -53.527168 0.362108 0
19 -44.278941 0.227572 0
12 -49.730091 0.839956 0
13 -50.387701 0.949039 0
16 -46.203144 0.970241 0
10 -50.332936 0.841829 0
16 -45.686732 0.348164 0
19 -43.897752 0.073549 0
16 -45.184880 0.131829 0
16 -44.443420 0.681503 0
10 -52.724297 0.319970 0
16 -44.941935 0.232076 0
4 -57.061808 0.643115 0
12 -46.864058 0.291711 0
13 -49.162844 0.300180 0
16 -45.416080 0.000316 0
4 -57.517877 0.869464 0
14 -45.899882 0.451342 0
5 -56.083011 0.952538 0
16 -45.269822 0.260214 0
6 -55.227584 0.068433 0
16 -45.452130 0.667538 0
7 -54.948741 0.647470 0
17 -44.660962 0.447116 0
12 -49.554890 0.849405 0
15 -46.998544 0.188406 0
12 -47.668693 0.836105 0
18 -44.655570 0.594059 0
14 -47.244440 0.073049 0
5 -55.850857 0.889392 0
15 -46.933518 0.317078 0
5 -55.981716 0.632849 0
15 -45.533049 0.817892 0
11 -51.142900 0.263118 0
14 -48.084447 0.784222 0
15 -46.101080 0.453906 0
19 -44.278941 0.227572 0
6 -53.751624 0.938722 0
16 -45.313946 0.142175 0
5 -55.981716 0.632849 0
16 -45.366850 0.780657 0
13 -46.531452 0.528671 0
9 -52.961451 0.185699 0
7 -54.938182 0.252323 0
6 -54.780513 0.019409 0
5 -55.631896 0.504514 0
3 -59.020500 0.215860 0
18 -44.819793 0.216296 0
11 -52.250614 0.882862 0
3 -59.394882 0.914121 0
15 -46.169154 0.752736 0
14 -46.314984 0.668550 0
12 -48.872462 0.073279 0
13 -50.683451 0.424451 0
15 -46.857200 0.769028 0
14 -46.802547 0.468482 0
3 -57.924351 0.778201 0
5 -56.527849 0.589658 0
3 -58.792114 0.926152 0
7 -54.856338 0.177074 0
8 -54.265773 0.152410 0
6 -55.049730 0.411543 0
15 -47.049271 0.941901 0
12 -49.362677 0.339853 0
14 -48.637050 0.356177 0
7 -54.856338 0.177074 0
7 -54.938182 0.252323 0
11 -51.586970 0.697129 0
11 -52.012976 0.449384 0
18 -44.717654 0.550607 0
19 -44.278941 0.227572 0
14 -48.296890 0.597110 0
5 -54.565609 0.187834 0
6 -53.650903 0.017882 0
6 -55.049730 0.411543 0
12 -48.540206 0.139287 0
10 -52.817237 0.726818 0
3 -55.728313 0.086216 0
4 -56.029527 0.724444 0
4 -56.029527 0.724444 0
9 -53.767900 0.252841 0
15 -46.806372 0.136712 0
2 -55.715274 0.929653 0
12 -50.893268 0.730645 0
10 -52.926139 0.855987 0
15 -46.169154 0.752736 0
6 -54.625177 0.847656 0
14 -47.714930 0.932231 0
13 -48.767580 0.332063 0
6 -55.016279 0.484454 0
0 -56.261432 0.087780 0
15 -45.676990 0.004015 0
11 -51.469204 0.113105 0
15 -47.370459 0.647916 0
6 -55.122230 0.282699 0
15 -46.491642 0.187010 0
19 -43.897752 0.073549 0
6 -55.122230 0.282699 0
18 -44.414918 0.104488 0
12 -51.297347 0.258763 0
8 -54.265773 0.152410 0
5 -55.850857 0.889392 0
9 -53.760236 0.080667 0
6 -55.349940 0.827919 0
15 -46.998144 0.855677 0
15 -47.105555 0.657162 0
15 -46.151084 0.398363 0
12 -49.730091 0.839956 0
4 -56.146933 0.000587 0
18 -43.940610 0.864296 0
10 -52.906582 0.552994 0
5 -55.850857 0.889392 0
14 -48.047605 0.282749 0
7 -54.587190 0.064802 0
15 -46.169154 0.752736 0
4 -57.111710 0.728827 0
14 -46.314984 0.668550 0
5 -55.850857 0.889392 0
6 -55.200684 0.238920 0
5 -55.981716 0.632849 0
14 -48.521383 0.065683 0
16 -45.919525 0.062543 0
14 -47.769407 0.221144 0
8 -53.374098 0.988972 0
7 -54.825483 0.265025 0
3 -59.493481 0.224679 0
5 -56.000876 0.205891 0
6 -55.171671 0.562638 0
7 -54.812913 0.167986 0
11 -49.469410 0.503468 0
16 -45.529262 0.592427 0
10 -52.632018 0.400933 0
5 -55.981716 0.632849 0
4 -57.017316 0.366924 0
6 -54.578360 0.385604 0
12 -46.839753 0.755648 0
15 -46.115823 0.766839 0
7 -54.382404 0.115546 0
8 -54.125501 0.582996 0
13 -49.578875 0.020564 0
14 -48.623719 0.707339 0
15 -46.169154 0.752736 0
10 -52.898834 0.443687 0
3 -57.025403 0.613135 0
14 -46.972980 0.559137 0
10 -52.622933 0.067965 0
14 -47.334119 0.233554 0
3 -57.919359 0.159422 0
9 -50.495099 0.905396 0
12 -49.554890 0.849405 0
13 -47.950521 0.433730 0
4 -57.017316 0.366924 0
4 -56.146933 0.000587 0
5 -55.808253 0.444860 0
16 -45.628917 0.368653 0
13 -49.612970 0.013420 0
17 -44.006585 0.370151 0
8 -54.324146 0.662814 0
3 -57.025403 0.613135 0
11 -52.528298 0.526675 0
13 -49.056918 0.895618 0
13 -49.659262 0.639302 0
8 -54.120283 0.210392 0
4 -56.146933 0.000587 0
14 -48.271039 0.610010 0
5 -55.511291 0.457024 0
4 -57.111710 0.728827 0
17 -43.604989 0.358326 0
13 -48.841327 0.917205 0
15 -44.832364 0.997519 0
15 -45.423909 0.559541 0
14 -46.702923 0.365698 0
16 -46.131259 0.704774 0
6 -55.667539 0.347704 0
15 -47.464433 0.877655 0
17 -45.082218 0.428505 0
15 -45.423909 0.559541 0
3 -56.642309 0.078159 0
6 -54.625177 0.847656 0
13 -47.176390 0.045955 0
12 -51.462078 0.811841 0
7 -53.816394 0.952919 0
7 -54.624836 0.554327 0
18 -44.202577 0.309096 0
13 -49.578875 0.020564 0
4 -56.337383 0.736199 0
6 -55.190352 0.417627 0
4 -58.000559 0.264308 0
4 -56.337383 0.736199 0
15 -46.194114 0.231628 0
14 -46.982981 0.202495 0
5 -55.981716 0.632849 0
16 -46.005539 0.769439 0
14 -47.769810 0.302014 0
4 -56.069078 0.693350 0
12 -49.362677 0.339853 0
16 -45.416080 0.000316 0
4 -56.915308 0.602357 0
6 -55.295637 0.585215 0
3 -57.924351 0.778201 0
16 -44.897396 0.138033 0
19 -44.064791 0.311444 0
12 -46.839753 0.755648 0
6 -55.049730 0.411543 0
7 -54.914580 0.514010 0
17 -44.660962 0.447116 0
13 -47.176390 0.045955 0
4 -56.029527 0.724444 0
16 -46.140958 0.011297 0
5 -56.016959 0.932966 0
15 -46.379352 0.862481 0
14 -46.920580 0.400134 0
3 -58.240024 0.175287 0
18 -44.994079 0.781802 0
14 -45.532771 0.344603 0
14 -47.334119 0.233554 0
16 -45.184880 0.131829 0
12 -47.802160 0.227647 0
6 -53.041853 0.454883 0
5 -56.527849 0.589658 0
16 -46.052102 0.363023 0
5 -55.671301 0.038527 0
14 -47.626979 0.682973 0
16 -46.140958 0.011297 0
14 -46.052534 0.605011 0
12 -51.145591 0.599350 0
18 -44.656740 0.620318 0
4 -55.192691 0.446162 0
7 -54.486710 0.711256 0
3 -58.762519 0.244758 0
16 -45.686732 0.348164 0
10 -48.775880 0.491473 0
2 -58.249821 0.336221 0
13 -49.598693 0.761139 0
0 -59.327100 0.037580 0
5 -55.981716 0.632849 0
9 -53.849597 0.755687 0
4 -56.069078 0.693350 0
8 -54.260468 0.948377 0
13 -50.284087 0.641114 0
6 -55.349940 0.827919 0
4 -56.946220 0.722156 0
5 -53.616831 0.881298 0
3 -57.448529 0.127206 0
14 -47.626979 0.682973 0
13 -47.697778 0.586861 0
14 -46.802547 0.468482 0
4 -57.111710 0.728827 0
15 -46.266773 0.834871 0
14 -48.075336 0.709853 0
11 -52.495904 0.811685 0
10 -52.822134 0.188961 0
16 -44.897396 0.138033 0
5 -56.523630 0.306753 0
5 -54.884855 0.469704 0
5 -56.600376 0.585654 0
19 -43.668863 0.332383 0
18 -44.799101 0.299278 0
6 -54.625177 0.847656 0
6 -55.171671 0.562638 0
9 -53.437014 0.642979 0
9 -52.906666 0.926195 0
7 -54.210898 0.479596 0
14 -48.198728 0.783456 0
13 -49.993630 0.290337 0
5 -56.266096 0.134060 0
17 -44.360149 0.277667 0
17 -45.196737 0.919906 0
4 -56.337383 0.736199 0
14 -45.241986 0.190528 0
12 -50.276755 0.865143 0
14 -47.827551 0.987312 0
9 -53.527168 0.362108 0
9 -53.523196 0.327059 0
0 -56.261432 0.087780 0
12 -49.319480 0.220206 0
5 -56.577172 0.644253 0
6 -54.976824 0.342614 0
12 -46.839753 0.755648 0
2 -60.180288 0.149108 0
16 -45.763100 0.064362 0
11 -49.002731 0.993996 0
16 -45.686732 0.348164 0
7 -54.854861 0.905431 0
9 -52.998995 0.350103 0
4 -55.192691 0.446162 0
14 -45.700740 0.119608 0
4 -56.915308 0.602357 0
9 -53.849597 0.755687 0
7 -54.672777 0.499873 0
13 -48.722579 0.701084 0
8 -53.824038 0.480672 0
16 -46.005539 0.769439 0
8 -54.099627 0.673752 0
3 -59.908800 0.350458 0
7 -54.518667 0.712762 0
8 -54.260468 0.948377 0
2 -59.226021 0.329768 0
13 -50.929498 0.707904 0
6 -54.842306 0.241334 0
3 -56.642309 0.078159 0
16 -46.203144 0.970241 0
18 -44.104598 0.250569 0
7 -54.624836 0.554327 0
15 -45.163234 0.625745 0
5 -54.884855 0.469704 0
6 -55.571368 0.364119 0
6 -54.842306 0.241334 0
8 -54.371129 0.371392 0
13 -49.578875 0.020564 0
8 -54.311071 0.832034 0
17 -44.996246 0.856588 0
3 -59.020500 0.215860 0
3 -56.101656 0.419878 0
11 -51.725782 0.576348 0
18 -43.240007 0.508372 0
3 -53.878836 0.527828 0
8 -54.120283 0.210392 0
8 -54.327434 0.134953 0
18 -44.038234 0.340391 0
6 -55.016279 0.484454 0
2 -61.249177 0.639819 0
4 -56.946220 0.722156 0
13 -49.578875 0.020564 0
15 -47.049271 0.941901 0
13 -50.439612 0.928235 0
15 -46.921431 0.390276 0
14 -48.615009 0.870369 0
17 -44.660962 0.447116 0
18 -43.940610 0.864296 0
15 -45.835619 0.242977 0
16 -45.366850 0.780657 0
15 -47.049271 0.941901 0
6 -55.398027 0.876731 0
5 -56.523630 0.306753 0
15 -45.533049 0.817892 0
14 -48.158732 0.857817 0
13 -50.742075 0.153989 0
14 -46.702923 0.365698 0
7 -54.210898 0.479596 0
15 -45.106809 0.880472 0
1 -62.035490 0.244139 0
4 -58.730916 0.473647 0
4 -57.473800 0.999142 0
5 -55.671301 0.038527 0
7 -54.056700 0.619181 0
15 -47.464433 0.877655 0
13 -49.191423 0.848461 0
16 -45.366850 0.780657 0
7 -53.340174 0.659923 0
15 -46.151084 0.398363 0
15 -45.676990 0.004015 0
16 -44.443420 0.681503 0
6 -55.122230 0.282699 0
4 -56.069078 0.693350 0
5 -56.522503 0.656918 0
4 -57.061808 0.643115 0
16 -46.005539 0.769439 0
5 -54.015812 0.681517 0
18 -44.537277 0.102332 0
13 -48.274490 0.530911 0
9 -53.865800 0.284051 0
16 -45.269822 0.260214 0
14 -47.378164 0.793159 0
5 -54.014739 0.005355 0
6 -55.049730 0.411543 0
12 -51.141003 0.780020 0
1 -62.035490 0.244139 0
6 -55.190352 0.417627 0
17 -45.082218 0.428505 0
14 -48.658946 0.223579 0
13 -50.401424 0.372479 0
13 -49.559380 0.396790 0
10 -52.817237 0.726818 0
6 -55.724128 0.065326 0
13 -49.406201 0.263538 0
16 -44.941935 0.232076 0
13 -48.841327 0.917205 0
12 -49.222411 0.041670 0
3 -58.292862 0.962642 0
16 -44.401343 0.830230 0
19 -43.566814 0.087002 0
17 -44.360149 0.277667 0
18 -44.717654 0.550607 0
17 -44.006585 0.370151 0
9 -54.035513 0.215577 0
14 -48.623719 0.707339 0
10 -53.156344 0.623591 0
17 -45.284279 0.755177 0
10 -52.898834 0.443687 0
7 -54.624836 0.554327 0
6 -54.310328 0.763540 0
6 -55.122230 0.282699 0
13 -49.253941 0.992344 0
7 -54.672777 0.499873 0
16 -46.096584 0.588229 0
6 -54.565090 0.422108 0
5 -55.671301 0.038527 0
17 -45.284279 0.755177 0
14 -47.578146 0.321224 0
17 -45.082218 0.428505 0
4 -57.805491 0.220309 0
6 -55.278169 0.873131 0
7 -54.713397 0.210960 0
19 -43.897752 0.073549 0
16 -46.203144 0.970241 0
7 -54.812913 0.167986 0
4 -56.915308 0.602357 0
15 -47.464433 0.877655 0
3 -57.924351 0.778201 0
14 -46.314984 0.668550 0
16 -45.686732 0.348164 0
7 -54.688252 0.990542 0
17 -45.455312 0.775253 0
15 -46.961124 0.150284 0
13 -49.700952 0.485158 0
12 -51.631873 0.441028 0
15 -45.835619 0.242977 0
9 -53.547738 0.359037 0
2 -63.546554 0.921191 0
10 -53.218551 0.145423 0
14 -45.532771 0.344603 0
17 -45.461048 0.820390 0
9 -52.626724 0.686130 0
14 -48.571970 0.926313 0
8 -54.125501 0.582996 0
16 -46.045534 0.980471 0
3 -57.448529 0.127206 0
6 -55.589270 0.364615 0
5 -54.565609 0.187834 0
12 -51.185910 0.246131 0
14 -48.427775 0.845801 0
4 -57.000550 0.737514 0
16 -45.763100 0.064362 0
18 -44.994079 0.781802 0
13 -49.631534 0.370762 0
4 -57.042862 0.655336 0
16 -45.313946 0.142175 0
12 -51.230927 0.375425 0
14 -48.637050 0.356177 0
6 -55.227584 0.068433 0
13 -49.253941 0.992344 0
6 -54.578360 0.385604 0
3 -56.101656 0.419878 0
18 -43.240007 0.508372 0
15 -46.254967 0.019605 0
10 -52.091924 0.797636 0
9 -53.682429 0.168658 0
16 -46.096584 0.588229 0
4 -58.348865 0.212207 0
6 -54.529682 0.662973 0
5 -56.266096 0.134060 0
16 -46.096584 0.588229 0
15 -47.104217 0.371276 0
12 -50.902108 0.982708 0
16 -44.443420 0.681503 0
12 -51.404299 0.848817 0
18 -44.717654 0.550607 0
4 -55.938544 0.985626 0
4 -55.113444 0.412374 0
9 -53.367687 0.736718 0
8 -53.485092 0.941887 0
14 -48.330653 0.339481 0
14 -46.702923 0.365698 0
19 -43.986805 0.272335 0
7 -53.886413 0.158239 0
14 -47.309133 0.908461 0
16 -45.763100 0.064362 0
6 -54.842306 0.241334 0
19 -44.064791 0.311444 0
14 -48.363865 0.579363 0
17 -45.441490 0.698705 0
13 -49.631534 0.370762 0
18 -44.674253 0.052588 0
16 -45.869241 0.947096 0
13 -50.284087 0.641114 0
7 -54.856338 0.177074 0
6 -55.589270 0.364615 0
6 -55.610814 0.794743 0
14 -47.959325 0.202157 0
14 -48.271039 0.610010 0
16 -45.763100 0.064362 0
5 -55.644246 0.893653 0
3 -59.525221 0.189899 0
7 -54.827693 0.133336 0
15 -45.533049 0.817892 0
6 -54.529682 0.662973 0
14 -48.312849 0.726234 0
14 -46.314984 0.668550 0
8 -54.466867 0.539010 0
14 -47.840314 0.573089 0
17 -45.441490 0.698705 0
12 -47.668693 0.836105 0
14 -47.578146 0.321224 0
7 -53.346974 0.727261 0
14 -47.840314 0.573089 0
17 -45.526411 0.293225 0
18 -44.984958 0.846654 0
15 -45.163234 0.625745 0
16 -45.425630 0.697590 0
5 -56.522601 0.453392 0
16 -45.366850 0.780657 0
10 -52.898834 0.443687 0
19 -44.064791 0.311444 0
15 -46.115823 0.766839 0
12 -46.839753 0.755648 0
6 -49.891218 0.687054 0
14 -48.312849 0.726234 0
6 -55.016279 0.484454 0
5 -56.000876 0.205891 0
14 -47.626979 0.682973 0
3 -57.919359 0.159422 0
12 -49.101511 0.857467 0
6 -55.200684 0.238920 0
4 -55.938544 0.985626 0
17 -42.996778 0.871851 0
13 -48.550374 0.126780 0
16 -45.967100 0.300621 0
5 -55.237313 0.531069 0
15 -47.049271 0.941901 0
5 -56.472105 0.415073 0
17 -42.996778 0.871851 0
19 -43.111321 0.079841 0
8 -54.125501 0.582996 0
13 -49.337015 0.075659 0
15 -45.533049 0.817892 0
4 -58.222021 0.145672 0
15 -45.533049 0.817892 0
19 -43.111321 0.079841 0
12 -49.372711 0.053575 0
14 -48.521383 0.065683 0
7 -54.914658 0.217456 0
13 -47.659772 0.395967 0
13 -49.911465 0.545458 0
5 -56.000876 0.205891 0
18 -44.819793 0.216296 0
14 -46.982981 0.202495 0
1 -59.281765 0.959223 0
13 -49.659262 0.639302 0
9 -52.251822 0.621590 0
0 -56.261432 0.087780 0
16 -46.125357 0.450879 0
16 -45.921103 0.429320 0
15 -46.266773 0.834871 0
5 -55.981716 0.632849 0
16 -45.763100 0.064362 0
14 -47.626979 0.682973 0
6 -55.398027 0.876731 0
4 -57.043157 0.742466 0
15 -46.115823 0.766839 0
9 -53.812878 0.970183 0
6 -55.610814 0.794743 0
11 -51.600615 0.080961 0
17 -44.660962 0.447116 0
12 -47.668693 0.836105 0
4 -56.146933 0.000587 0
4 -56.915308 0.602357 0
7 -54.505260 0.161529 0
16 -45.841849 0.461223 0
5 -56.472105 0.415073 0
17 -45.443942 0.016986 0
16 -46.052102 0.363023 0
15 -47.270871 0.882284 0
15 -45.835619 0.242977 0
14 -46.052534 0.605011 0
9 -51.671068 0.444278 0
14 -48.312849 0.726234 0
13 -49.214749 0.274994 0
14 -47.714930 0.932231 0
16 -44.941935 0.232076 0
17 -45.443942 0.016986 0
5 -55.981716 0.632849 0
5 -55.981716 0.632849 0
4 -57.043157 0.742466 0
18 -43.486274 0.405162 0
12 -51.616028 0.903797 0
5 -56.083011 0.952538 0
14 -47.959325 0.202157 0
12 -49.101511 0.857467 0
7 -54.488730 0.540728 0
18 -43.240007 0.508372 0
15 -47.105555 0.657162 0
13 -49.631534 0.370762 0
13 -48.956342 0.211179 0
16 -45.416080 0.000316 0
9 -53.367687 0.736718 0
16 -46.203144 0.970241 0
15 -46.808889 0.402059 0
8 -54.120283 0.210392 0
5 -56.475463 0.192021 0
4 -56.070520 0.121302 0
19 -44.123287 0.382571 0
4 -56.029527 0.724444 0
13 -49.624023 0.307462 0
10 -52.817237 0.726818 0
6 -55.278169 0.873131 0
19 -43.858146 0.315827 0
9 -53.144648 0.909159 0
5 -56.000876 0.205891 0
14 -46.052534 0.605011 0
3 -59.010221 0.073144 0
15 -46.266773 0.834871 0
3 -58.762519 0.244758 0
5 -55.876479 0.283438 0
14 -48.138052 0.148539 0
6 -55.200684 0.238920 0
14 -48.562928 0.733724 0
10 -53.138606 0.685989 0
5 -55.981716 0.632849 0
18 -44.202577 0.309096 0
9 -53.317951 0.528149 0
3 -55.271306 0.971869 0
7 -54.339310 0.464460 0
14 -48.152709 0.185101 0
12 -46.864058 0.291711 0
