# level assignment, log likelihood, tiebreaker, ID.
0 -144877.206434741209 0.309906154313 2
0 -261088.234886473947 0.166190059526 0
0 -139490.358682824415 0.501635788000 2
0 -1000000000000000052504760255204420248704468581108159154915854115511802457988908195786371375080447864043704443832883878176942523235360430575644792184786706982848387200926575803737830233794788090059368953234970799945081119038967640880074652742780142494579258788820056842838115669472196386865459400540160.000000000000 0.866740642646 0
0 -1000000000000000052504760255204420248704468581108159154915854115511802457988908195786371375080447864043704443832883878176942523235360430575644792184786706982848387200926575803737830233794788090059368953234970799945081119038967640880074652742780142494579258788820056842838115669472196386865459400540160.000000000000 0.277812948943 6
0 -54585.886485558738 0.340205519756 2
0 -1000000000000000052504760255204420248704468581108159154915854115511802457988908195786371375080447864043704443832883878176942523235360430575644792184786706982848387200926575803737830233794788090059368953234970799945081119038967640880074652742780142494579258788820056842838115669472196386865459400540160.000000000000 0.645180231101 2
0 -1000000000000000052504760255204420248704468581108159154915854115511802457988908195786371375080447864043704443832883878176942523235360430575644792184786706982848387200926575803737830233794788090059368953234970799945081119038967640880074652742780142494579258788820056842838115669472196386865459400540160.000000000000 0.698372749158 7
0 -57710.964822389295 0.952464919363 7
0 -1000000000000000052504760255204420248704468581108159154915854115511802457988908195786371375080447864043704443832883878176942523235360430575644792184786706982848387200926575803737830233794788090059368953234970799945081119038967640880074652742780142494579258788820056842838115669472196386865459400540160.000000000000 0.183742473678 6
0 -130272.925827897445 0.001752387565 7
0 -1000000000000000052504760255204420248704468581108159154915854115511802457988908195786371375080447864043704443832883878176942523235360430575644792184786706982848387200926575803737830233794788090059368953234970799945081119038967640880074652742780142494579258788820056842838115669472196386865459400540160.000000000000 0.105054373865 1
1 -87817.956029161069 0.097207429450 5
1 -69456.776960636169 0.756277028092 2
0 -50482.419290794183 0.798814115423 3
0 -1000000000000000052504760255204420248704468581108159154915854115511802457988908195786371375080447864043704443832883878176942523235360430575644792184786706982848387200926575803737830233794788090059368953234970799945081119038967640880074652742780142494579258788820056842838115669472196386865459400540160.000000000000 0.761042647690 3
0 -1000000000000000052504760255204420248704468581108159154915854115511802457988908195786371375080447864043704443832883878176942523235360430575644792184786706982848387200926575803737830233794788090059368953234970799945081119038967640880074652742780142494579258788820056842838115669472196386865459400540160.000000000000 0.585657824181 4
0 -54947.112952979398 0.701675824940 2
0 -113709.040868748300 0.531348075059 1
1 -29860.281852589076 0.237878838103 7
1 -7663.339583629706 0.367232380645 3
1 -45085.124219581427 0.046045138277 3
0 -253705.312921813427 0.381540494175 1
1 -13964.841334855384 0.974278770763 0
1 -8095.053032716461 0.376115098353 1
1 -3295.306983602666 0.642014023166 1
2 -12804.125736131797 0.242702016468 3
1 -5129.901866258119 0.737758788694 6
1 -77437.383878421708 0.376602726643 1
2 -12246.322283075277 0.828574266577 3
1 -25157.035307456343 0.825350477137 0
2 -7153.274292213784 0.969092538642 2
2 -11640.775138859213 0.427740890421 4
0 -1000000000000000052504760255204420248704468581108159154915854115511802457988908195786371375080447864043704443832883878176942523235360430575644792184786706982848387200926575803737830233794788090059368953234970799945081119038967640880074652742780142494579258788820056842838115669472196386865459400540160.000000000000 0.007845153398 0
1 -14953.857214260701 0.477184384464 5
0 -184074.028668336192 0.162624007540 7
2 -15869.799359926554 0.798706387178 5
0 -1000000000000000052504760255204420248704468581108159154915854115511802457988908195786371375080447864043704443832883878176942523235360430575644792184786706982848387200926575803737830233794788090059368953234970799945081119038967640880074652742780142494579258788820056842838115669472196386865459400540160.000000000000 0.803608346828 6
1 -28480.044993713222 0.975449929920 1
2 -11629.362027482111 0.231475359484 7
0 -300261.906682977336 0.355960163700 2
3 -4810.775753759074 0.847788312343 0
2 -3256.048382365188 0.262774818749 1
3 -2880.968775912690 0.102417679181 4
3 -4541.252611259109 0.131404430965 5
0 -1000000000000000052504760255204420248704468581108159154915854115511802457988908195786371375080447864043704443832883878176942523235360430575644792184786706982848387200926575803737830233794788090059368953234970799945081119038967640880074652742780142494579258788820056842838115669472196386865459400540160.000000000000 0.061909715225 0
2 -12511.140478062351 0.708224046296 2
3 -1152.580781223784 0.246475652591 6
1 -100640.731963451093 0.333753331690 7
1 -11077.899530146791 0.348147150241 0
3 -2808.516810093242 0.820028191876 3
1 -35616.207128233829 0.410176699811 4
2 -7889.752541569716 0.769209395595 7
3 -4051.699346953061 0.982516428306 0
2 -7802.214763685790 0.279391886398 2
1 -37287.957130952083 0.743332607351 7
1 -22994.000178133443 0.990569100369 7
3 -2057.367428451258 0.234204658738 0
3 -4057.701198463717 0.327341491418 3
1 -44178.823192413452 0.295583745491 1
2 -14645.862477795270 0.814487099937 3
4 -3154.881013104442 0.582439095120 3
1 -25844.901199371583 0.140628483910 1
2 -8480.962905913824 0.663894575400 2
4 -2527.650322658298 0.237659046592 5
2 -9799.781877259369 0.718385744727 7
2 -10679.394693685739 0.227489644747 7
1 -42999.849534790665 0.447715770374 2
4 -2809.069699986679 0.855472163186 5
4 -3805.905328905265 0.054485346438 3
4 -4079.603351800488 0.818381932840 0
4 -3633.830806826846 0.140155908905 7
4 -3661.251064176635 0.747557943851 5
5 -2501.834286691042 0.863087901328 4
3 -6360.051647265352 0.057322242529 4
3 -5485.418964572585 0.961832127744 1
5 -2515.497200376218 0.760540359247 5
5 -1927.694852568610 0.394101073948 6
3 -5451.412848347333 0.926018909521 3
2 -8084.559563156893 0.549551706859 2
2 -15888.693355632988 0.298587021254 2
3 -3178.787417699254 0.069373309923 1
4 -3675.317257577725 0.126384634027 0
4 -1952.155592894762 0.911487602507 6
0 -1000000000000000052504760255204420248704468581108159154915854115511802457988908195786371375080447864043704443832883878176942523235360430575644792184786706982848387200926575803737830233794788090059368953234970799945081119038967640880074652742780142494579258788820056842838115669472196386865459400540160.000000000000 0.813703962925 3
3 -1765.982967701301 0.822651560002 6
5 -1479.239272762768 0.624959190824 5
3 -6966.913071637499 0.326622463703 2
2 -13392.176246203817 0.087969955475 3
3 -3210.424213782087 0.798227413282 2
2 -3888.353406582061 0.147627520971 0
1 -104495.177186990695 0.553432430243 3
2 -7545.157930162408 0.684660172583 6
4 -3303.988692306556 0.669273952784 1
1 -4506.947336025355 0.756101289920 6
2 -3582.819019713616 0.514746241310 5
2 -5952.548313098607 0.594858371434 1
3 -7397.652596702374 0.620059950118 1
5 -2813.875040357134 0.879403830397 3
6 -1762.273150720345 0.127874678886 7
4 -4064.454351265015 0.270873318427 5
5 -2890.457266820837 0.297969328604 3
5 -2890.457266820837 0.416485680194 3
5 -2890.457266820837 0.376527562038 3
2 -8420.559928220611 0.080202461202 1
3 -4926.896944028497 0.809393335866 0
3 -4841.429147762869 0.753551967492 0
6 -1450.136991676392 0.965159901844 3
3 -7041.358431019383 0.064191148899 7
6 -1517.769187421995 0.410716874318 4
4 -3690.659340536562 0.106347847193 1
1 -24040.951270719001 0.056257925725 3
0 -1000000000000000052504760255204420248704468581108159154915854115511802457988908195786371375080447864043704443832883878176942523235360430575644792184786706982848387200926575803737830233794788090059368953234970799945081119038967640880074652742780142494579258788820056842838115669472196386865459400540160.000000000000 0.039846318437 3
3 -6523.598599070870 0.290424986203 5
5 -1697.384350113199 0.200452209082 7
2 -14834.369714932252 0.596207320110 3
6 -1753.413788654623 0.936459990836 7
1 -19554.091165379326 0.767292076939 6
6 -1770.208495294796 0.419709146594 7
2 -6322.438602221361 0.905629590734 1
5 -2874.956906032920 0.615913981391 3
6 -1906.200066423228 0.672043094144 3
5 -1852.121703405787 0.145201429640 3
6 -1952.133918117901 0.039204400250 7
0 -1000000000000000052504760255204420248704468581108159154915854115511802457988908195786371375080447864043704443832883878176942523235360430575644792184786706982848387200926575803737830233794788090059368953234970799945081119038967640880074652742780142494579258788820056842838115669472196386865459400540160.000000000000 0.537538434128 0
0 -53063.639887514102 0.039230127722 4
5 -1857.795441710144 0.373462296806 3
5 -1902.550013411819 0.034543441926 6
4 -1565.283477221021 0.387400839128 7
1 -42321.649916279137 0.965218033929 4
3 -3930.679273905861 0.043676885767 2
1 -3156.867778461945 0.651554866275 5
1 -8108.918721804342 0.217189560919 0
6 -1858.548964162348 0.651601714152 7
2 -7973.560737742178 0.546102071553 2
2 -11131.906402237832 0.895170389449 2
3 -1933.635816859515 0.483587309248 3
4 -4201.186524111871 0.430228697874 6
7 -1282.065884847641 0.033998507566 1
7 -1161.061973360552 0.474879586471 6
7 -1538.129255300171 0.975852061897 7
2 -1846.464376807333 0.933024718040 4
7 -1538.129469294289 0.127565845318 7
6 -1792.114893206166 0.557865435501 0
7 -1428.940031588320 0.959911561985 6
4 -2951.860053385868 0.661016839306 2
3 -3708.262708713052 0.989307398905 7
5 -2799.148671746593 0.254625704157 4
6 -1918.372558747700 0.705933373122 0
6 -1290.881280365241 0.119089019300 4
7 -1290.975676353049 0.046692719421 4
1 -5461.671267936722 0.355136397751 1
2 -10384.393279927473 0.782748618570 7
7 -1542.342994017433 0.279069821322 6
6 -1594.465112100282 0.697407121325 0
3 -6229.904276397216 0.942185721025 5
2 -5528.958332730986 0.025351040281 1
7 -1434.003111748570 0.378174551776 6
3 -6292.940595727520 0.524019644584 0
3 -4312.473614366914 0.966361923873 0
4 -2503.807043233929 0.330160946127 7
2 -13673.635133930033 0.699162770140 6
7 -732.096554717831 0.075845611155 3
5 -2471.252773524362 0.860213179010 7
3 -3228.526332914896 0.236378026595 4
2 -10785.264451273362 0.422919315327 7
0 -1000000000000000052504760255204420248704468581108159154915854115511802457988908195786371375080447864043704443832883878176942523235360430575644792184786706982848387200926575803737830233794788090059368953234970799945081119038967640880074652742780142494579258788820056842838115669472196386865459400540160.000000000000 0.485898725686 7
5 -2201.468114944226 0.772308928367 0
1 -16608.811581745973 0.278616360247 1
8 -785.489323719021 0.216443645790 3
7 -805.165240276005 0.218462993866 2
8 -953.588455810013 0.118223892060 0
7 -972.242776531118 0.369297462041 0
7 -1563.847415586447 0.730292918152 4
7 -1096.935770667545 0.041619011479 3
7 -1213.590599219709 0.717452831212 2
7 -1443.207546751210 0.862065244723 4
1 -15513.169870736814 0.306022546222 1
0 -1000000000000000052504760255204420248704468581108159154915854115511802457988908195786371375080447864043704443832883878176942523235360430575644792184786706982848387200926575803737830233794788090059368953234970799945081119038967640880074652742780142494579258788820056842838115669472196386865459400540160.000000000000 0.813433553659 1
2 -9968.095002832593 0.080142880546 7
3 -4559.959094309418 0.429357069810 7
5 -2611.020443237935 0.744047965519 5
7 -1470.225955085906 0.345815741766 0
7 -1468.006090894863 0.747217887138 0
3 -1996.237251858196 0.308404874614 7
5 -2274.185232044177 0.074001905960 1
8 -1142.463323519494 0.317199769143 4
8 -1208.713382852410 0.383023821665 4
7 -1444.056345157695 0.939764447635 6
7 -1356.043636074723 0.234464786781 7
0 -61806.591146443214 0.389688898358 5
8 -1048.266934987257 0.864157281380 4
8 -1221.850431626382 0.933404907815 0
9 -907.087498131489 0.100173662947 2
7 -1549.880482827023 0.252616011829 4
7 -1315.252561253721 0.525569808539 3
8 -1192.015964763099 0.271185375489 1
7 -1331.224722632255 0.991095772423 0
7 -1333.619354503339 0.326032031102 0
8 -1200.848522916084 0.652293268007 3
8 -1184.868227282102 0.453903814012 3
1 -9798.610225444338 0.605517929681 1
8 -1072.090176281403 0.615188455068 3
0 -1000000000000000052504760255204420248704468581108159154915854115511802457988908195786371375080447864043704443832883878176942523235360430575644792184786706982848387200926575803737830233794788090059368953234970799945081119038967640880074652742780142494579258788820056842838115669472196386865459400540160.000000000000 0.662612724319 5
8 -1159.709018520662 0.550126398341 6
5 -2693.219787480774 0.556363047897 2
3 -7592.006534715998 0.716558585618 5
7 -1429.524566924940 0.341958427116 7
6 -1773.637195114900 0.588242483990 0
3 -6255.203198538580 0.190712308539 4
1 -8912.595545732967 0.729542776761 2
7 -938.729300297256 0.778441203358 0
7 -1485.976621527602 0.215080608815 6
1 -9273.185147993900 0.294244407414 5
4 -3885.293738687104 0.956534155351 4
6 -1830.291229367668 0.378853667909 6
1 -10925.147329303714 0.511821291531 5
1 -7082.717002277619 0.830989139305 0
8 -1188.653063665867 0.424217006897 3
6 -1722.758834088482 0.190581184010 4
6 -1979.743959131265 0.409003482728 2
7 -1087.735210172431 0.002987903452 2
5 -1459.128455851806 0.400416955505 6
1 -38360.480299240546 0.179659712744 1
7 -1096.105058474107 0.016293720537 3
5 -1601.992933278163 0.375895530711 0
7 -1475.192229432885 0.211241736195 4
7 -1275.882202848075 0.191430762193 3
8 -1205.509358357858 0.330005001778 0
5 -1491.925862784418 0.214317986174 4
3 -5792.420284498274 0.813928504006 6
3 -2022.546646177125 0.040199479440 1
2 -5482.282195158082 0.081104973275 6
0 -1000000000000000052504760255204420248704468581108159154915854115511802457988908195786371375080447864043704443832883878176942523235360430575644792184786706982848387200926575803737830233794788090059368953234970799945081119038967640880074652742780142494579258788820056842838115669472196386865459400540160.000000000000 0.148340139420 5
3 -2584.515826643220 0.576776969541 1
7 -1222.093697960207 0.760621715269 2
0 -10051.401128237125 0.622617741039 3
8 -1029.766022753517 0.766339797216 2
3 -925.828664521649 0.011765808769 2
8 -1159.166021226270 0.308755792350 0
6 -1280.985020732008 0.462660822456 4
1 -27298.510459052883 0.055645981012 1
8 -1158.151125957196 0.347617820601 0
1 -80661.064359237818 0.135165670514 3
9 -946.319020507121 0.869300123102 2
5 -2428.334128639302 0.020906808309 1
0 -3170.809584082465 0.172338156528 5
5 -2064.506688970984 0.977522609595 1
3 -6107.073525637527 0.454908838972 7
0 -1000000000000000052504760255204420248704468581108159154915854115511802457988908195786371375080447864043704443832883878176942523235360430575644792184786706982848387200926575803737830233794788090059368953234970799945081119038967640880074652742780142494579258788820056842838115669472196386865459400540160.000000000000 0.703880603602 3
0 -1000000000000000052504760255204420248704468581108159154915854115511802457988908195786371375080447864043704443832883878176942523235360430575644792184786706982848387200926575803737830233794788090059368953234970799945081119038967640880074652742780142494579258788820056842838115669472196386865459400540160.000000000000 0.270597423465 4
9 -882.530563809090 0.430620253972 2
3 -5014.270626637301 0.599389605491 5
1 -6476.542722543235 0.663555949290 5
1 -12430.070754088190 0.601495003338 5
6 -1369.010043964912 0.575344547114 2
2 -10609.784755528446 0.288231530775 4
0 -7038.457331888020 0.399368310219 1
3 -6006.810393937904 0.816501606651 7
7 -1288.844772576048 0.189487586833 6
2 -2624.095440742713 0.576776094064 1
6 -1810.360838701044 0.969228779328 3
3 -1911.140590627941 0.883122426968 3
8 -1181.784701768495 0.032026916070 2
5 -1685.127663674875 0.136939229679 3
7 -848.439084772912 0.871743475677 3
1 -77227.998929632478 0.654237362375 0
0 -1000000000000000052504760255204420248704468581108159154915854115511802457988908195786371375080447864043704443832883878176942523235360430575644792184786706982848387200926575803737830233794788090059368953234970799945081119038967640880074652742780142494579258788820056842838115669472196386865459400540160.000000000000 0.838285310077 7
2 -6611.668083231364 0.661507346175 4
1 -99474.577825046290 0.999864005748 7
7 -1125.487221637452 0.566029332680 6
0 -1000000000000000052504760255204420248704468581108159154915854115511802457988908195786371375080447864043704443832883878176942523235360430575644792184786706982848387200926575803737830233794788090059368953234970799945081119038967640880074652742780142494579258788820056842838115669472196386865459400540160.000000000000 0.735323079935 5
3 -4283.669521988935 0.353320932507 1
1 -70771.459589202685 0.000098639559 5
2 -7980.917756708421 0.467600451600 5
2 -8380.943538896965 0.440551472793 5
6 -1679.953412376894 0.220918054314 6
6 -1975.932889830721 0.434089536389 1
6 -1975.932901374030 0.968985836360 1
5 -2245.602157320910 0.560312863887 3
6 -1854.652795443512 0.790014568735 1
2 -3773.258435689540 0.971129392905 5
8 -1254.953029844525 0.101987682818 0
5 -2476.790133705630 0.120703364216 4
9 -891.548010167483 0.118546922899 3
9 -778.991400096408 0.143909827429 3
3 -5041.985332097523 0.703696722855 5
1 -16261.448502616005 0.965313857693 7
8 -1305.296297880326 0.416553502018 0
9 -770.750607074980 0.825586364897 3
6 -1766.821258810149 0.250335582556 5
5 -1845.002352023258 0.226635035864 0
3 -2688.537326605591 0.934413543425 6
0 -14715.105030303188 0.118033585094 2
0 -19339.372787825399 0.701329478622 2
7 -1380.025335523862 0.743514772182 3
8 -1012.466903055775 0.009139924884 0
3 -7358.630815966240 0.786862980478 7
5 -2749.308742777266 0.418043106373 5
7 -1463.741785878326 0.111747491992 4
5 -2451.633928462393 0.774552612372 7
2 -3027.344942987342 0.976998930459 6
5 -2472.382505356932 0.051082802581 7
7 -1446.799961880211 0.208618837360 4
5 -2144.788746518791 0.907423513848 2
4 -2615.395364402239 0.833882503351 2
5 -2636.013537790379 0.313930158549 2
6 -1942.658183912358 0.360027189101 7
9 -922.342154883442 0.789883239042 3
2 -4876.336153317823 0.978569022480 6
7 -1233.929674750442 0.978147622497 5
7 -1436.146558503076 0.646392251605 5
6 -1172.932365083280 0.566829017245 6
8 -1241.801853349731 0.428645023049 3
9 -969.819433407867 0.896504751106 6
7 -1332.824556439443 0.270006983055 0
4 -3251.802507206322 0.925360530784 1
9 -827.454789915329 0.741429680906 5
0 -11260.280620746154 0.767913785334 7
2 -4526.612226817594 0.678847949679 1
9 -963.782980994459 0.695196967074 4
9 -826.942450010101 0.880726407916 5
1 -11047.697604072397 0.080915702947 1
6 -1414.136978215977 0.109268024587 0
7 -1020.546739087612 0.094406909574 5
0 -1000000000000000052504760255204420248704468581108159154915854115511802457988908195786371375080447864043704443832883878176942523235360430575644792184786706982848387200926575803737830233794788090059368953234970799945081119038967640880074652742780142494579258788820056842838115669472196386865459400540160.000000000000 0.226930542003 7
1 -14967.751133103600 0.812633298714 1
2 -6665.256471212617 0.795950478721 1
1 -66811.316997454749 0.661260498490 7
8 -959.301726458322 0.610485737767 4
7 -993.530009598508 0.238579017974 6
8 -987.179861324604 0.184424282328 6
7 -1160.059769283439 0.597977243259 3
9 -831.199729900286 0.490176601622 5
6 -1677.995843009491 0.446811459355 2
6 -1872.048170731297 0.075406530235 1
6 -1667.868450348163 0.394370522469 6
6 -1974.083119661651 0.331281891750 1
7 -1494.082130031547 0.896267142025 6
5 -2880.852851494109 0.474638693966 2
4 -2593.895571116027 0.099588907662 4
7 -1511.878921576731 0.725649242736 3
5 -2694.069724262518 0.801441044508 4
5 -1722.610746801341 0.992286848676 5
4 -2721.789890850766 0.566848690415 3
5 -2643.478601468716 0.769928690368 4
5 -2096.398680609726 0.849185197999 4
0 -9481.238250924604 0.253812780890 7
6 -1857.031925023108 0.832869348455 2
6 -1883.725586046173 0.193048930127 4
8 -1020.190103258323 0.952491989534 6
4 -2680.240146221033 0.149583211776 5
5 -2846.720408584722 0.424908496064 0
8 -1125.016252360573 0.237677421576 5
6 -1365.487365094904 0.648834783172 3
1 -38156.333268021066 0.393578264079 6
1 -98433.495613437291 0.266075990409 6
2 -4628.293937517555 0.979695812040 7
0 -7100.398238209836 0.971992422727 0
5 -2381.060748120822 0.431316375613 1
2 -4322.020386550651 0.899863902125 4
7 -1506.204894188785 0.221250915414 2
2 -13044.153533693197 0.331448107195 0
4 -4030.730154887829 0.300627848967 1
6 -1156.268948924832 0.012006765187 5
0 -142239.499321714015 0.449478505175 0
0 -191418.350324879109 0.400576664634 0
9 -963.563655614693 0.545598645750 5
6 -1023.241700228765 0.739385876168 7
2 -4661.831839149359 0.256866756794 2
1 -24513.513204798841 0.233632603775 1
0 -33971.990939713505 0.772534192846 4
6 -1963.357282153027 0.887271177860 7
1 -6311.891734845311 0.476366072628 6
6 -1361.868171130540 0.910261406001 5
4 -4266.679679779408 0.697418879405 2
9 -894.091304298453 0.322856076262 3
3 -4884.527219676235 0.684863194920 1
7 -1416.202769447426 0.840077444221 5
4 -2574.947656246365 0.892263349986 6
3 -3357.751161867921 0.892333690733 4
5 -2449.798407562802 0.519815440856 5
5 -2614.551077924348 0.567222117363 5
2 -5889.980205287819 0.748534551470 2
4 -4283.005298050108 0.944222775749 3
8 -1320.097194259665 0.560017201842 7
7 -1540.179110905241 0.562144552217 4
6 -1224.646877805635 0.659186374463 7
8 -1247.919835348309 0.701496331810 7
2 -15504.487955300023 0.721373726154 2
5 -1660.266953138946 0.523121789922 0
4 -4101.296219299225 0.597181134477 7
2 -14678.536849624697 0.204677186991 2
7 -1360.841415388536 0.948541932514 4
3 -7161.764361302035 0.930232283489 1
3 -5794.855320206147 0.892662099114 1
0 -51823.879576539424 0.635483969584 5
0 -1000000000000000052504760255204420248704468581108159154915854115511802457988908195786371375080447864043704443832883878176942523235360430575644792184786706982848387200926575803737830233794788090059368953234970799945081119038967640880074652742780142494579258788820056842838115669472196386865459400540160.000000000000 0.098761370761 2
1 -96487.098785061811 0.260277363446 2
7 -1444.251494528026 0.946094902382 0
7 -1476.517614698841 0.932740251677 4
7 -1240.565164109649 0.274227677700 3
0 -1000000000000000052504760255204420248704468581108159154915854115511802457988908195786371375080447864043704443832883878176942523235360430575644792184786706982848387200926575803737830233794788090059368953234970799945081119038967640880074652742780142494579258788820056842838115669472196386865459400540160.000000000000 0.099054986127 1
6 -1776.606120337056 0.692400626484 0
8 -1192.471902267606 0.774533406745 7
8 -1191.885962363531 0.280837079113 4
8 -1170.447894972411 0.776917586525 0
3 -5574.572236149404 0.837455878718 2
6 -1418.422444624448 0.566351252682 7
2 -15327.185850369509 0.224891877149 0
4 -4008.335543612960 0.675628998102 1
3 -6176.591155936138 0.462945212199 3
4 -2200.743140696657 0.173211584104 5
5 -1999.518889412936 0.098404168579 5
5 -2263.824905988947 0.444248876875 3
6 -1554.314795304130 0.040045811543 2
4 -3846.619496847284 0.655896965871 3
9 -971.503934416032 0.690179815591 7
0 -1000000000000000052504760255204420248704468581108159154915854115511802457988908195786371375080447864043704443832883878176942523235360430575644792184786706982848387200926575803737830233794788090059368953234970799945081119038967640880074652742780142494579258788820056842838115669472196386865459400540160.000000000000 0.681623156620 1
3 -6800.511628646697 0.388597290547 1
4 -3530.269796983347 0.812524304032 3
2 -1537.620004428104 0.557801026714 5
8 -1181.927293874472 0.671699423910 7
2 -5664.659728927795 0.120265751424 5
3 -6940.311174226829 0.078107107020 2
2 -2875.649993224956 0.690440333137 4
5 -2711.236663361035 0.103728821244 5
0 -134491.159251372941 0.358994952042 0
4 -4307.828154473830 0.037118241482 3
9 -966.773371201831 0.821854878177 6
4 -4158.365681926573 0.560110584806 2
0 -1000000000000000052504760255204420248704468581108159154915854115511802457988908195786371375080447864043704443832883878176942523235360430575644792184786706982848387200926575803737830233794788090059368953234970799945081119038967640880074652742780142494579258788820056842838115669472196386865459400540160.000000000000 0.318406819250 0
9 -945.815755571511 0.395048932731 1
7 -1413.883901503815 0.742050580555 1
8 -968.199998012521 0.223509580542 6
5 -2709.703553585843 0.859053441104 3
5 -2668.378282566705 0.219597118330 3
9 -967.561453497561 0.029387411325 6
3 -4710.283281164426 0.622940114143 4
0 -210388.636657404044 0.443840883607 3
4 -1292.035599166351 0.630520220289 2
8 -1292.029795734384 0.473882720891 2
0 -10513.038117191383 0.585350117518 0
8 -1241.639558536156 0.728920478218 2
4 -3912.429977544489 0.436860125229 5
5 -2173.429254901944 0.080691935729 7
1 -30736.119850524265 0.214481188127 0
0 -116792.695147235412 0.923021791235 1
2 -4965.369779980387 0.023173102860 3
9 -919.994369500077 0.801622734172 6
9 -918.548935975973 0.046431670852 6
2 -15292.561846706838 0.506481422401 3
6 -1400.030896747283 0.755310063030 5
8 -1272.368371897128 0.914600708596 6
4 -4122.536487767696 0.160187014379 0
1 -32889.815480560799 0.013595219960 1
1 -6064.258867518807 0.268462970451 4
0 -42885.210706086524 0.465840208323 1
4 -2955.400994806968 0.109909866241 2
4 -4309.350480811172 0.695300898167 2
3 -6367.990091852140 0.005263359295 2
8 -1221.998712651614 0.659657760148 7
7 -1345.904316205481 0.504695636729 2
0 -1000000000000000052504760255204420248704468581108159154915854115511802457988908195786371375080447864043704443832883878176942523235360430575644792184786706982848387200926575803737830233794788090059368953234970799945081119038967640880074652742780142494579258788820056842838115669472196386865459400540160.000000000000 0.216243717339 1
8 -1219.746340872562 0.790945869937 7
1 -53931.467054417124 0.715550969711 1
9 -954.916512452515 0.402182442135 6
4 -3635.772146313387 0.284882063981 0
4 -1831.579920829573 0.377972221697 4
5 -1816.055495753342 0.600493217206 0
8 -1313.589942927819 0.471962457370 7
6 -1455.592491205228 0.730780017455 2
9 -935.801446385869 0.294514042338 6
9 -935.801444019738 0.878844637770 6
5 -2578.700055970546 0.686873757447 0
6 -1130.279422609108 0.169880773347 0
9 -943.854181330830 0.086135746231 6
8 -1298.214540575174 0.128663676285 7
2 -6223.931717480228 0.727803707513 3
7 -1247.769130132228 0.922890424634 6
7 -1492.566991597406 0.824952085144 0
7 -1504.333369793229 0.039859383592 0
8 -1280.135671008727 0.671006318540 0
3 -6198.275806027171 0.000602285390 3
6 -1090.916812372238 0.717673903318 5
3 -4935.450421684582 0.597153469526 3
9 -948.172662559247 0.626476695983 0
4 -3726.265558963546 0.998406154973 1
7 -1185.435003982705 0.535166161642 0
5 -2405.364003767226 0.187362494815 6
3 -3801.304505967782 0.852023787411 4
8 -1096.085576015371 0.206679513209 1
7 -1258.243681970520 0.614540189917 1
2 -6074.631624924191 0.319979956964 5
5 -2788.997062453689 0.590577280333 6
4 -2629.700314547613 0.970375484982 5
9 -858.931351269484 0.837671975815 7
2 -5437.205860236715 0.389648972983 5
8 -1310.890212884123 0.192813896435 2
3 -6283.377002509596 0.385321945058 5
8 -953.508608181062 0.751577092741 1
6 -1239.383708763467 0.142631464228 7
7 -1344.811277116142 0.333613763839 4
9 -906.374931904974 0.794734806140 1
9 -906.340374953912 0.230198588138 1
8 -986.142118663223 0.253714687050 0
3 -6070.114182622857 0.627890171591 2
5 -2704.003695518734 0.161195335407 3
6 -1759.537008964356 0.857258579235 7
8 -989.354039944743 0.572502415294 1
3 -7350.147303240767 0.843535363685 2
1 -5715.307317248356 0.232416128184 6
5 -2557.813662200816 0.422956295106 3
1 -24651.294366905284 0.915487286061 5
9 -932.512242253090 0.413770725953 1
5 -1909.361651075355 0.766202011850 2
9 -932.702758807152 0.527292883082 1
4 -3487.762292259434 0.374272827248 7
6 -1626.762254642339 0.164706537163 2
7 -1336.977541098930 0.997909609711 3
6 -1344.038470978969 0.488754969691 3
7 -1466.527713007084 0.158303953151 1
4 -2982.780713802226 0.100811035700 5
8 -1203.445851186039 0.682832544818 4
8 -1265.060528222514 0.371090509679 1
6 -1708.183351022627 0.478278091188 7
8 -1305.951169979557 0.336393584033 4
9 -883.662841807789 0.786775221786 6
8 -1266.222258588330 0.466683830488 0
7 -1271.886229827491 0.547508314145 0
9 -944.677044647952 0.828093825215 6
9 -944.677044647952 0.562748988023 6
3 -3606.754994059835 0.564003903578 5
8 -950.424584275494 0.591019312391 0
9 -909.260436368342 0.285385070585 6
5 -2688.874465420931 0.919856767383 2
9 -931.594312158654 0.899343973540 2
5 -1843.924956133845 0.995158643491 3
6 -1537.676948564830 0.223818827081 0
0 -193316.613331602071 0.411557749896 3
4 -1537.831343415210 0.451801958311 0
1 -86331.538297473337 0.721257996026 5
7 -1358.660027722787 0.641354060531 6
8 -1155.332954555931 0.360123286626 2
6 -1730.813995274389 0.552423160493 4
1 -94762.945013289558 0.854757697917 5
1 -55519.563166284337 0.283457800525 5
5 -2180.849441890067 0.208493301881 3
8 -1089.154088404126 0.388888691815 1
0 -135136.616535458248 0.034605233835 5
8 -1038.072162337343 0.965745209183 6
0 -1000000000000000052504760255204420248704468581108159154915854115511802457988908195786371375080447864043704443832883878176942523235360430575644792184786706982848387200926575803737830233794788090059368953234970799945081119038967640880074652742780142494579258788820056842838115669472196386865459400540160.000000000000 0.812091349702 5
8 -1072.321937301104 0.719231004177 6
5 -2417.319131490188 0.517079865885 3
5 -1372.491839311009 0.000676851338 4
4 -2369.924928816923 0.839705377185 5
5 -1944.644894428018 0.738736054358 0
8 -1090.959076782296 0.715649030495 1
6 -1264.363357391471 0.705223723632 6
2 -7545.775108927956 0.941286771134 5
8 -1203.833807677449 0.099307006492 3
8 -1069.508074554861 0.842027199018 3
6 -1731.299682450508 0.520238587582 7
3 -5774.687691165049 0.224755536767 0
4 -4415.001157533089 0.951298039789 5
8 -1174.948083459918 0.986277156911 3
3 -2523.825429714414 0.903300879024 4
7 -1464.905155467756 0.541191277628 6
8 -1210.858465443363 0.332103540113 3
8 -955.977712992201 0.711956285520 3
4 -1566.706927860826 0.790479158545 2
0 -1000000000000000052504760255204420248704468581108159154915854115511802457988908195786371375080447864043704443832883878176942523235360430575644792184786706982848387200926575803737830233794788090059368953234970799945081119038967640880074652742780142494579258788820056842838115669472196386865459400540160.000000000000 0.205707443291 6
4 -3254.152533471367 0.695553562272 2
7 -1012.946398775480 0.463504829954 3
2 -13493.851957600838 0.301803196796 7
4 -2174.540947924726 0.008739869893 6
8 -1308.528109419444 0.715893675597 3
3 -7242.571136726084 0.464517111659 2
0 -1000000000000000052504760255204420248704468581108159154915854115511802457988908195786371375080447864043704443832883878176942523235360430575644792184786706982848387200926575803737830233794788090059368953234970799945081119038967640880074652742780142494579258788820056842838115669472196386865459400540160.000000000000 0.132236210656 2
2 -14542.117227450242 0.130004780264 0
6 -1950.106910178739 0.006503641706 3
4 -2920.624300402560 0.595658889875 5
3 -5656.525917191640 0.877341579018 0
5 -1331.397063755536 0.042279721433 1
6 -1249.602868513570 0.108473330083 7
6 -1550.759678727063 0.127295301775 5
6 -1875.735559669602 0.793700473218 0
6 -1380.711603049218 0.855139711158 1
8 -1176.424557187040 0.905225728169 3
9 -873.889365986789 0.768578487332 6
10 -768.321908521399 0.770369304643 1
4 -4391.684128115937 0.293735171950 0
4 -2580.994168028551 0.663001213738 4
5 -2485.977837491022 0.226695331541 4
4 -4346.706080465879 0.728672722926 4
0 -1000000000000000052504760255204420248704468581108159154915854115511802457988908195786371375080447864043704443832883878176942523235360430575644792184786706982848387200926575803737830233794788090059368953234970799945081119038967640880074652742780142494579258788820056842838115669472196386865459400540160.000000000000 0.124618496574 0
3 -4717.945591874813 0.873610142484 0
5 -2497.357131125187 0.057632307095 5
1 -6510.695889681072 0.238690010520 2
5 -2516.848090313406 0.015390026619 4
1 -15087.947584828804 0.931275469534 2
4 -4063.532939143654 0.409294761309 4
7 -1535.250851158715 0.427070855333 7
7 -1506.722199309507 0.441796201265 7
4 -1778.333675963524 0.382028042068 5
10 -785.923608765467 0.005616167872 1
8 -1286.428300243713 0.935877353440 6
2 -9208.479657631735 0.623612688717 0
7 -1496.751546872035 0.921043954598 7
3 -6766.186739326541 0.162171489305 5
9 -766.689723766448 0.208031485393 1
6 -1824.570044572268 0.516486527803 7
4 -2946.646333134528 0.303919384264 0
6 -1971.295077657769 0.311171313928 7
10 -802.947731047288 0.744894588976 1
4 -2740.542423632305 0.764995071021 0
7 -1519.022802074104 0.422847028255 4
9 -802.947730968045 0.994635188747 1
4 -2735.910192504724 0.934085717534 6
8 -948.056596196413 0.482860716522 3
6 -1815.965479820224 0.962174522445 4
5 -2763.413509668309 0.005456440381 0
3 -3001.837693831003 0.834509201959 4
3 -4100.890439275713 0.011796515962 0
8 -1311.857177608744 0.854059681555 5
6 -1590.931119964797 0.315992799200 1
7 -1457.606000328187 0.958244089869 2
0 -3992.743462626543 0.783486693485 7
7 -1113.896905258995 0.199092825645 1
4 -3499.041032388183 0.892839050197 5
4 -3861.934526816403 0.681491976739 6
4 -3554.845009646526 0.924427012812 6
6 -1432.591499221671 0.755488725738 3
1 -21698.298179308978 0.359088837114 4
1 -45708.920130211663 0.183043172603 7
3 -2578.324560923781 0.902796698127 2
2 -4308.388109988464 0.861374349560 0
7 -1530.538018501265 0.663697115106 5
5 -2095.026392777910 0.830001989385 2
7 -1482.785118414511 0.943914589949 4
8 -1250.266544131154 0.095925290979 1
6 -1578.628775300771 0.931212863909 5
6 -1847.512767412242 0.466055953592 7
6 -1504.291778429177 0.700876302667 2
4 -3767.868807393862 0.876202184960 5
4 -2550.934697956819 0.561331908225 7
4 -4092.901861817328 0.200675519525 0
3 -4034.406618848127 0.367122962704 5
0 -234601.921561179770 0.972592149828 2
4 -3028.209564917840 0.241782297145 0
6 -1559.089504688295 0.299818768135 5
7 -1529.810286973033 0.700256020566 6
8 -1131.529058088118 0.739831674120 1
7 -1480.285111063258 0.163505445512 7
5 -1382.602944085039 0.749665572470 7
7 -1560.265917175306 0.280102484422 7
6 -1903.151225003754 0.457003305041 6
8 -1217.786670381175 0.342942877688 1
8 -1304.300285204205 0.563816998836 7
3 -6209.459540938940 0.201098429636 3
4 -3009.393021002605 0.173125211007 4
6 -1896.711250277805 0.520343209129 2
3 -5954.715531407968 0.203451475942 0
1 -29151.578033450543 0.784441894948 6
4 -2149.001686263394 0.341532827321 2
8 -1266.677660865123 0.210435190432 5
5 -2246.850817867127 0.574539977014 2
8 -1113.039212647226 0.281220548721 5
7 -1396.957262383779 0.917826915647 3
4 -3646.998660981237 0.998802646298 0
6 -1338.064797269822 0.902557387559 5
6 -1295.246162448489 0.792836220773 3
8 -1178.015426924100 0.170245136936 5
0 -8931.922230043816 0.972039900148 1
3 -2701.871678502698 0.721763751183 2
9 -917.948156209286 0.814699174430 0
9 -971.622221644742 0.625079683363 0
8 -1112.313571320986 0.988562095283 5
7 -1546.537061273876 0.036123271208 3
0 -175605.322207622579 0.051231545697 6
8 -1068.120986178009 0.323811658701 1
6 -1846.464508567851 0.603073888749 3
8 -1144.708560111246 0.110433072787 3
8 -1299.672890445063 0.929606773900 7
2 -10218.288883332405 0.092230610944 5
2 -2452.237554867510 0.910144538285 2
0 -1000000000000000052504760255204420248704468581108159154915854115511802457988908195786371375080447864043704443832883878176942523235360430575644792184786706982848387200926575803737830233794788090059368953234970799945081119038967640880074652742780142494579258788820056842838115669472196386865459400540160.000000000000 0.622701337325 2
7 -1153.443783049919 0.578842903582 3
5 -1251.142616629088 0.219336066395 1
3 -6470.551631784279 0.573157077763 6
6 -1395.368547888803 0.247919148452 1
7 -1395.388002529111 0.910641871332 1
8 -1047.113365524284 0.416358951837 7
8 -969.626493728761 0.226874040123 3
2 -4347.199906360715 0.670831110864 5
8 -1049.247977144323 0.919630856760 7
7 -1438.314640002998 0.593349500170 4
8 -1260.291125826412 0.293638639727 7
8 -1202.652492309853 0.525262831402 7
8 -1287.733006797969 0.216365725686 3
6 -1456.115556940603 0.936580962895 4
1 -12914.682161681749 0.399586353525 2
7 -1012.549328603391 0.816192348591 0
10 -785.061687104467 0.762368304091 1
10 -801.708961171105 0.205806277577 1
3 -3729.561222900183 0.740932960490 3
1 -6097.875219484120 0.638622284079 2
2 -6093.077037561693 0.870129535880 2
3 -6050.334694131417 0.623481762920 6
6 -1500.436096675560 0.218904750004 7
6 -1711.507604897001 0.014640850285 3
10 -761.576484559314 0.857889381809 1
4 -4256.241742738884 0.998263310545 5
0 -11440.227996573740 0.654001633034 2
10 -766.814072273937 0.956454135131 1
2 -5548.252612768832 0.765806888153 5
5 -2612.751318692047 0.985994643856 3
3 -7091.523368469168 0.097999270245 6
6 -1593.121269195885 0.137609361139 4
10 -761.900019486039 0.824231742391 1
5 -2843.856840549765 0.058820870448 6
10 -804.643877233531 0.292997968676 1
3 -4276.047543378975 0.215544188634 6
3 -3339.757151654182 0.424989463748 6
10 -671.257582223568 0.021739086428 1
7 -1007.417096711178 0.892354517094 0
8 -1175.694286581203 0.700139439024 0
4 -3599.677724517043 0.649153631712 6
9 -923.075598664770 0.414368176402 7
7 -1162.551929151993 0.824915563590 5
11 -577.172319071086 0.387633495347 1
10 -754.987318562187 0.275733288563 1
4 -3573.981348680142 0.463444889090 5
5 -1467.564562691329 0.374892087338 4
8 -1144.644179781793 0.112786486809 2
7 -1502.453058642311 0.235478737285 6
8 -1092.531314180095 0.539135510895 2
1 -20413.769483764343 0.506526642313 3
8 -1280.685018775183 0.415350728714 6
5 -1691.562195719948 0.556407645753 6
7 -1320.852283439798 0.755981765601 4
7 -1191.457955641141 0.113918839066 2
2 -7211.280238674332 0.148354662260 3
9 -874.977150155641 0.932938058455 7
8 -1312.139636338678 0.056303366285 6
6 -1387.542353150356 0.427524856269 4
4 -4378.729983119177 0.707564638321 0
11 -641.057680062849 0.158152601224 1
9 -807.304617697358 0.902216340449 7
4 -2128.576515469647 0.250990283852 5
4 -1236.740436212965 0.651275569531 4
11 -655.710714747470 0.499329740893 1
8 -1258.317011758281 0.720758688732 2
9 -807.983550072314 0.389676966125 7
11 -738.053715647860 0.875240877157 1
5 -2197.520483995178 0.727737781791 2
1 -10181.461262034118 0.964384477695 3
0 -1000000000000000052504760255204420248704468581108159154915854115511802457988908195786371375080447864043704443832883878176942523235360430575644792184786706982848387200926575803737830233794788090059368953234970799945081119038967640880074652742780142494579258788820056842838115669472196386865459400540160.000000000000 0.178124001935 0
0 -19117.771910301009 0.332356676703 3
8 -1292.531153899223 0.051324693513 4
9 -807.430026950178 0.738024261524 7
0 -13077.517395966850 0.495245000757 2
9 -661.904914719951 0.010841898837 1
10 -807.430028104959 0.426156607877 7
5 -1978.703023096105 0.835268346663 6
3 -5081.871117033019 0.317907370619 5
9 -756.445483080553 0.220658924668 7
5 -2189.199598075852 0.353728340307 6
7 -1442.812127510374 0.808105627548 2
4 -4418.071372729600 0.720395440701 0
1 -9495.794015360587 0.694390157214 3
9 -940.018881683689 0.800652290164 7
1 -45779.861578291311 0.177909262278 5
10 -569.501621414119 0.569296206604 1
0 -1000000000000000052504760255204420248704468581108159154915854115511802457988908195786371375080447864043704443832883878176942523235360430575644792184786706982848387200926575803737830233794788090059368953234970799945081119038967640880074652742780142494579258788820056842838115669472196386865459400540160.000000000000 0.492504510224 3
11 -576.363299860859 0.853038151071 1
11 -576.273087900958 0.268654658335 1
1 -46050.576971369497 0.066031606532 3
4 -4358.765724232947 0.652795294503 4
0 -125753.287965982905 0.618211545219 2
10 -619.258589281908 0.949239287806 1
8 -1228.971982065822 0.979427915231 7
5 -2250.791829887228 0.273599831311 4
0 -211536.412349657941 0.554395867205 6
3 -3311.063234006844 0.880221401473 4
0 -331611.776327804604 0.319427560381 2
0 -3927.689838403246 0.466609080711 6
3 -6866.352240860361 0.778555876561 2
3 -6725.062793725501 0.288369551359 3
3 -5496.024887576682 0.374522150320 6
5 -2674.621671374067 0.263683797964 4
12 -618.733107018174 0.244709603231 1
12 -618.738782352960 0.385411968657 1
2 -3838.194041534639 0.298049430770 0
0 -1000000000000000052504760255204420248704468581108159154915854115511802457988908195786371375080447864043704443832883878176942523235360430575644792184786706982848387200926575803737830233794788090059368953234970799945081119038967640880074652742780142494579258788820056842838115669472196386865459400540160.000000000000 0.493857669525 2
12 -618.737400330052 0.277815226557 1
0 -1000000000000000052504760255204420248704468581108159154915854115511802457988908195786371375080447864043704443832883878176942523235360430575644792184786706982848387200926575803737830233794788090059368953234970799945081119038967640880074652742780142494579258788820056842838115669472196386865459400540160.000000000000 0.179847683817 2
7 -1560.508559852342 0.663189218061 7
3 -7172.335755368415 0.754126777792 5
6 -1212.225605138846 0.828578946722 0
7 -1242.563264566373 0.818142505030 0
8 -1216.177393038324 0.233324108044 4
2 -6457.060437576779 0.672752666599 3
5 -1505.142135455678 0.879000396254 0
1 -4021.332849746237 0.797383051300 7
8 -1074.897205314244 0.490006663131 4
1 -71135.808382519695 0.515183484829 2
1 -68184.051491069898 0.040431757698 2
4 -3505.458082865063 0.041043196044 5
7 -1537.012856610826 0.042293239376 1
0 -82710.124939247573 0.049647299010 6
2 -3005.944982705085 0.608645614586 5
0 -1000000000000000052504760255204420248704468581108159154915854115511802457988908195786371375080447864043704443832883878176942523235360430575644792184786706982848387200926575803737830233794788090059368953234970799945081119038967640880074652742780142494579258788820056842838115669472196386865459400540160.000000000000 0.513355276417 6
1 -10356.744100878093 0.927492846833 7
4 -1248.116980944371 0.676156042933 3
6 -1424.999099051007 0.628460644590 1
6 -1476.112541978707 0.542524739828 1
6 -921.986901473561 0.866017229641 2
7 -1513.674112355888 0.824496581851 3
0 -88965.596035316426 0.347746287558 5
2 -7887.007309502575 0.195584949563 5
9 -962.204062658597 0.759649493315 2
3 -6369.801769637727 0.286230411561 3
5 -2786.991333173877 0.607970127830 6
7 -1542.682566505667 0.871498570248 0
2 -4842.477416857647 0.111479939356 3
3 -5617.787029205648 0.243214521069 5
6 -1543.210812976302 0.807825901346 0
4 -2386.583847309932 0.272574792096 3
6 -1606.847715898547 0.610494315704 6
8 -1188.392852404438 0.430061537089 4
7 -1403.866376905199 0.219193417689 4
6 -1777.293186978849 0.900138663214 3
5 -1704.330735820450 0.800259250702 6
7 -1543.682545601835 0.929556185521 6
1 -10630.271752998902 0.512293668065 7
7 -1538.604775995568 0.710167986063 5
5 -2068.185327550837 0.032785180594 1
5 -2319.125631955596 0.435450213352 1
8 -1247.892538781966 0.373142204374 3
4 -1516.826532175603 0.843693181469 0
6 -1677.581628253145 0.459142898415 6
1 -8922.023222522821 0.004644451936 3
9 -952.739909555193 0.147216865633 2
8 -951.708088933249 0.384702287068 2
9 -951.733079159235 0.418891045625 2
11 -756.876844029946 0.327683922878 4
5 -2896.828634786197 0.059095929245 5
2 -13217.084690480106 0.028171997823 6
2 -13106.614117926065 0.654543361070 3
3 -6170.690330750218 0.622095147317 7
4 -3927.853360533143 0.290257064596 3
5 -2843.472339428197 0.242341525441 1
0 -1000000000000000052504760255204420248704468581108159154915854115511802457988908195786371375080447864043704443832883878176942523235360430575644792184786706982848387200926575803737830233794788090059368953234970799945081119038967640880074652742780142494579258788820056842838115669472196386865459400540160.000000000000 0.556887333004 6
2 -6145.119064631132 0.936033476244 3
9 -970.558002711844 0.610696609795 2
11 -753.859918664286 0.199130078801 4
9 -970.552796928944 0.467349102769 2
5 -2422.933778157351 0.025856740833 6
2 -6529.257844095255 0.378882307038 3
2 -13124.586793027504 0.242409180066 7
4 -4305.499483288160 0.486577852407 5
2 -6141.944851484520 0.281597604651 7
2 -7147.402532844741 0.073108689134 7
5 -2649.163459236979 0.159416477038 5
5 -2649.163458898870 0.375206965708 5
5 -2673.559327733816 0.789549982595 5
4 -4089.466259720383 0.083027580831 6
5 -2274.246450047957 0.383114701576 7
4 -4314.863922920445 0.411607056984 6
11 -728.075909252911 0.905631480103 4
8 -1310.600488326549 0.007996936222 1
4 -2433.471743744972 0.106092809886 6
11 -700.494652360246 0.246637396238 4
4 -1275.257565946276 0.245018294796 2
11 -714.979657745493 0.691835765759 4
8 -1275.256674952294 0.513634045824 2
5 -2785.519678190399 0.629411582987 7
7 -1072.370264313089 0.625422271456 5
3 -7476.547802035259 0.078555094312 6
8 -1090.451366513679 0.059001411305 2
7 -1474.950219353408 0.320411218135 5
0 -31625.786641618775 0.666694103750 0
5 -1761.945731758896 0.488528191053 5
6 -1546.025584210074 0.654713797931 1
4 -4299.691032353655 0.596201450554 6
5 -2835.822160837470 0.926268244381 6
4 -3420.595949091451 0.171558498623 5
11 -759.872971652663 0.956231013596 4
5 -1296.075137754579 0.866540148524 1
8 -1270.314563120756 0.056457636300 1
4 -4024.349412246246 0.371291353096 7
11 -759.807794344736 0.296458123021 4
3 -5589.415343288013 0.838991987920 6
5 -2231.348610572433 0.053981361232 5
4 -2234.345786827203 0.944194244455 5
3 -5596.086322319269 0.941382909609 0
3 -5237.068741796283 0.220098863425 0
4 -4069.126391198960 0.319133062513 5
6 -1370.827296143022 0.388289765114 5
6 -1515.264990524774 0.365047936017 2
6 -1832.367303750782 0.059040233383 5
7 -1078.570340206293 0.205447487215 7
4 -3911.824769461051 0.291437074818 3
5 -2286.487916376544 0.675324699082 5
2 -6364.386373969797 0.492377992628 3
7 -1293.531248775002 0.804577439264 5
8 -1293.531248775048 0.750832049713 5
5 -2634.492239523046 0.450796781438 3
8 -1133.332076515172 0.304782199130 2
9 -931.121800952327 0.090005626360 1
7 -1470.058620892705 0.880733094117 5
5 -2762.025263146880 0.086053913538 6
8 -1144.434967505053 0.841502778873 2
6 -1143.328024505059 0.307692319868 2
4 -4012.421918242742 0.106052014326 6
10 -734.027122656295 0.221667023125 4
5 -2238.267532067622 0.989329200956 0
5 -2242.781137259902 0.983998122115 0
8 -1307.612001223452 0.156121468728 5
7 -1555.943668367585 0.389060321427 3
4 -1574.702415070751 0.832484356056 7
11 -734.113780005482 0.172527653490 4
6 -1581.089961996467 0.299850085001 7
3 -7123.024963158569 0.149342104817 6
2 -12358.093705982850 0.731543249321 7
2 -5193.557945131935 0.454415226413 2
3 -3653.200822111196 0.786911092574 3
3 -4573.624121027389 0.720045420276 0
6 -1890.337356474465 0.906056597583 2
8 -1209.969005874589 0.905290938532 1
3 -6399.345117770940 0.067532020459 0
7 -1439.587653432580 0.205307964776 1
7 -1126.661068253000 0.023137947247 5
11 -751.479179022088 0.936363896595 4
6 -1975.095074018503 0.520218405237 2
7 -1425.054220185228 0.050087210715 1
6 -1727.186465701783 0.313396829406 0
8 -1253.246981500977 0.478349873853 5
6 -1718.563261740541 0.268708930005 0
6 -1718.563261740541 0.834371875822 0
8 -1175.114750922949 0.548902799416 5
8 -1251.276701210399 0.104883125697 7
7 -1175.036613273443 0.932273366280 5
5 -2422.165562194768 0.178131470433 1
4 -3287.605222948997 0.327768371639 0
0 -6878.113358409488 0.027426500692 6
11 -753.623495696220 0.765455749616 4
6 -1803.519793378334 0.092866438366 1
5 -2777.575834348444 0.989773437403 6
11 -750.819199600957 0.890658056438 4
5 -2802.459538738982 0.344236324755 0
10 -753.371195960959 0.279381339512 4
11 -753.371195960959 0.746099921597 4
8 -1258.379449574729 0.764183984455 2
8 -1189.549557028791 0.481817216741 5
5 -2718.420314190376 0.362420166223 1
8 -1116.719427568747 0.521817043934 2
6 -1707.945282951410 0.782316530690 1
11 -751.002004930843 0.887949086960 4
11 -746.330303623363 0.818360891080 4
5 -1977.607520616035 0.079385983472 7
7 -914.091015014990 0.884644483627 2
7 -1447.389907895631 0.233604966979 1
3 -6554.231175481943 0.745515790756 6
4 -3926.907955935746 0.746966177903 6
11 -645.983976683459 0.045525848830 5
11 -741.727723310167 0.675741586680 4
7 -1555.718871982784 0.429868230444 1
11 -754.078990505005 0.828599876528 3
9 -945.289853562935 0.163540307402 0
7 -1087.362723026645 0.313415348068 7
11 -739.195272510422 0.493373437091 4
7 -1505.293717278425 0.565712695537 1
7 -1408.906774233077 0.157077893690 1
8 -1261.478393751074 0.171997479651 5
7 -1454.124289124283 0.590819460615 6
11 -764.552647784415 0.217939938823 3
7 -1407.176988363133 0.909289633841 6
6 -1952.610860922591 0.022951769936 0
11 -765.501351837288 0.470344033580 3
7 -1223.736052066297 0.757310954492 6
5 -2025.470450050800 0.941488540252 0
8 -1211.971874127531 0.126438547894 6
9 -958.048772803771 0.728020342070 2
5 -2252.736713951631 0.051640653598 7
8 -1169.025482164345 0.830705589760 0
6 -1369.193045163338 0.827236966001 1
4 -3405.845664720117 0.211312251912 7
11 -754.354167351693 0.937367289803 3
5 -2312.544309282398 0.412210055188 6
9 -896.186513376232 0.974854498325 5
9 -961.446180441163 0.811489972826 5
6 -1888.124419920284 0.103793300017 7
10 -807.708438106277 0.648833627591 2
6 -1888.123863711176 0.461923415499 7
10 -807.678307184216 0.314450320610 2
10 -774.229366167000 0.111539128367 4
10 -755.186611361794 0.252221646571 3
2 -8667.033869028375 0.789671122066 6
