5.078064286692216187e-17
1.043619690673515612e-33
8.713071769073063521e-30
1.077012043564081774e-45
3.181239638396447522e-01
3.810861145395871904e-34
8.754326668652852306e-02
1.021839925199310399e-05
2.992835523770321901e-07
5.080812117616607410e-08
3.382693126495857986e-08
1.060527966120265526e-17
5.098343736958011081e-03
1.265410779900322724e-03
7.266139683291117078e-16
2.690947417282142794e-15
3.641411931284104268e-44
1.440929452847506700e-08
6.625236889573698581e-08
2.110055123045612817e-10
1.727979348899412460e-01
2.132651035191562502e-02
7.421226279338998596e-07
3.801474805744971394e-04
5.177988245652154341e-16
1.426386337211899523e-02
1.456214179695948592e-92
1.793358114267616524e-03
1.624884636504594524e-03
3.777250896645881250e-04
5.081325209400496048e-06
5.220055810129611146e-02
5.351869048371005590e-05
5.217877849449602369e-08
3.130572368853339949e-08
2.239300952387421161e-65
1.425323339666669543e-30
1.062732557457669703e-22
2.825180075201163404e-02
7.690583467573886695e-03
5.671381864433241330e-08
5.134624321606489489e-02
2.061702257844255821e-03
1.652070600707611220e-05
6.140302533241502603e-02
2.407806935656538194e-02
5.616304338546288504e-08
3.250598452792833552e-03
1.657142421549329092e-08
6.685002323944420992e-07
5.232381885159213646e-03
6.102500486433025818e-05
1.552308174753280875e-04
6.463257932052485222e-02
2.841566199852243457e-01
1.983780314384389967e-02
4.831197925861709097e-02
2.172628731083507767e-03
9.560416542458243655e-03
1.591669214181733964e-03
1.808120243364223223e-01
1.956933376972047871e-03
4.354607257173537249e-02
7.993323749497819805e-03
5.476725993971152950e-02
4.419898895814843541e-03
6.209551974311043610e-02
1.409420026297243233e-03
2.372233783065830215e-01
3.465860350533804385e-07
1.489666714308034188e-05
1.751036875714969895e-02
1.135887511089620294e-08
1.557811656889783181e-01
1.477637149034469466e-01
3.308070866920043325e-03
2.794988657553238408e-03
3.498758660775819572e-10
2.658151296570341812e-02
2.146733425433014486e-01
2.371079443138445278e-02
4.305482333656479414e-03
6.587723530391970117e-02
4.299769857140526251e-03
2.888799232283750448e-03
1.302052876247434578e-02
1.463120522354234287e-01
8.119888147222471819e-02
8.882157886539069486e-03
1.793286601030002062e-09
5.655443612400081616e-02
1.129709780026528999e-04
3.014830951011353982e-02
1.238497254308771993e-02
5.588659346006726792e-12
9.658492633183862752e-02
1.029468456461232195e-01
9.697655245201804164e-02
1.078654756810166204e-01
3.891495981819214078e-01
9.238432378388694577e-02
8.408540375344014661e-02
7.607185226464171501e-01
7.960325469582942709e-03
1.701091404512374830e-03
4.436827247029579042e-03
7.362134189429687947e-02
8.750468583941628520e-02
4.288179274278559605e-01
1.084480738046931514e-01
2.207140449525049342e-01
1.892699757190615837e-05
7.596223599851318342e-01
1.911775112448139691e-01
3.942566572767430833e-01
5.970783745320187852e-02
3.437611090626900290e-01
1.933270671011804072e-04
6.612666831754680785e-02
3.385786298420800661e-03
4.692854821585848608e-03
7.914086491364001885e-01
6.434962033964798656e-02
1.215966836375753785e-01
1.086976354565554088e-02
2.347975117894992303e-01
1.258289722518049492e-01
3.351828350724074257e-01
4.568526329530214758e-01
1.613771300396455444e-01
1.417411310267875368e-01
2.136043766338269478e-01
1.207906097920600497e-01
5.205201925869407109e-02
5.157279268245877624e-02
1.468609612033985618e-03
2.166779565453794978e-06
8.106016693956978603e-02
5.535366297317820261e-02
4.355928075765325841e-02
2.500906690269584856e-02
1.637043770187239276e-16
4.285384547664268795e-01
4.834682690712964193e-01
4.789327762953242695e-01
4.833497718420559086e-01
5.680766423191371262e-01
3.954597936720349316e-01
6.246840302148610746e-01
1.397159300049532482e-01
8.350723751170455698e-05
4.405388888476371133e-03
8.014178724833863621e-01
5.155936046294709030e-01
1.110455224028486648e-01
4.808198284195218664e-01
6.276039268872679600e-01
6.659600105197416298e-02
4.833971818724869807e-01
4.948446051834523574e-01
3.907815624858749226e-01
4.581499673346557389e-01
8.667907870984248309e-01
6.789893489819164296e-01
1.924158343600477494e-01
2.261286020440336775e-02
9.535057604421992572e-02
3.301878243811346564e-02
7.931379741091029167e-01
1.230813606174835893e-03
9.332518515529179961e-06
1.084565274660124730e-03
7.603049438999119614e-02
7.648957081939541380e-01
6.103956475164442619e-01
1.894297968920685693e-01
4.184463716894690211e-02
4.465520777599935043e-01
6.906357652290777693e-01
3.358449900084279904e-01
4.576796507241891465e-01
9.222926488991000094e-01
5.248293686953220405e-01
9.869941021361623712e-02
6.358508500327684221e-01
3.730035497172863868e-01
9.874129678138282573e-01
4.042729715153930981e-01
4.471818443159646939e-01
7.037400737571587461e-01
1.170362379926637580e-01
1.260079022899969758e-01
1.700691779701155731e-02
2.639963768021869744e-02
5.103878280610048449e-18
3.346444860333472882e-01
1.755940917998813910e-01
3.535494971031050704e-01
3.856422700962849337e-01
4.232785169351980237e-01
1.586110380706942102e-01
5.859113761605306836e-01
2.664403230665665580e-05
5.906262245499867974e-02
8.154448470547988326e-02
1.268327770967262180e-01
1.845883137595282497e-01
6.648660157565315920e-01
3.010792689682917911e-01
1.168839519269917054e-01
3.645419131501613785e-01
4.828526556851601148e-01
4.104615723014077289e-01
3.951549841023956899e-01
4.561067039533402423e-01
3.650830481064167854e-01
4.132057259516041525e-01
5.060666493522644194e-01
3.747524418376027566e-01
6.145992934096964344e-01
3.660020123513036960e-01
7.363353050553824719e-01
2.313981068983294587e-01
1.159938831596178804e-01
4.376687729329231114e-01
1.514738691728212960e-01
1.095851470256818949e-01
3.427479944227281861e-01
6.595728622240125683e-01
7.501934952308454418e-01
3.322141631034911113e-01
6.322276878407798728e-01
8.144112481303718010e-01
2.849640050046174378e-01
3.631183053979775699e-01
5.014551057719188742e-01
4.552780877345800614e-01
4.472001711464889118e-01
2.105244856758026473e-01
2.234295078786432687e-01
7.196983428853771514e-01
3.416758275916678134e-01
2.959728515179414488e-01
4.502607646900607663e-01
2.916828548519748709e-01
1.247050206010600487e-01
5.681220430937019561e-01
2.921548339645566594e-01
9.689611990205662662e-02
3.147971197781873065e-01
3.622016816875072154e-01
1.979308182008097106e-01
1.181641155237974916e-01
1.869051380738439294e-01
1.070163992646161605e-01
2.417778806047600482e-01
9.730397683663792596e-02
3.453026044310752440e-01
1.127511353724328230e-01
1.352684234455305556e-01
1.072748621562066018e-01
1.066209426309463054e-01
1.130493382991986095e-01
1.115193849365834072e-01
1.830735400193713169e-01
9.583076763778201890e-02
1.226918101371153452e-01
1.379198474011315012e-01
6.496515234900440694e-02
1.326598821652314741e-01
1.352152104806112198e-01
1.172753056437498553e-01
5.933276846047412512e-02
9.109670368327231482e-02
1.275953309201848240e-01
1.789673830026209111e-01
1.020372559116102390e-01
1.426999773227868029e-01
1.708116707408381674e-01
3.321111140289215169e-01
5.075709854896370832e-02
8.165770086956582186e-02
8.254411056799097757e-02
2.833187673435262344e-01
1.422049738943753083e-01
1.112494885148475610e-01
1.311411838816550213e-01
1.567072865519623104e-01
1.352798228484231313e-01
1.172956545020004820e-01
1.096850058432513736e-01
1.180004266829185466e-01
9.852033693625038280e-02
1.796471780684826547e-01
5.057129659681221245e-02
1.057192998270104489e-01
3.826227894936838902e-01
9.462286613920415368e-01
3.879985472979949335e-01
3.325543488122262858e-01
2.626070141717758988e-01
4.135333083293518674e-01
3.226798370750914025e-01
8.378265289206723865e-02
7.184125834028753932e-02
1.242885838629361195e-01
5.414493338768152642e-01
2.574524418161379113e-01
2.628300923483745666e-01
5.351436489767838275e-09
2.695045774800856263e-07
1.314383833833969728e-01
7.070250079963551204e-02
9.994566932606091525e-02
4.904942892609151506e-01
2.621257025236850557e-01
4.145481085148239875e-01
5.157460696123910004e-01
4.796586845501758095e-02
8.969030414369567883e-02
4.419962540247471439e-08
1.233385021912322271e-01
1.623298929510027244e-01
1.363320961677873255e-01
5.927353282344832025e-02
1.108453181262376297e-01
1.001554241868806011e-01
1.474724398117306934e-01
3.864957136451860342e-01
9.973089979472821165e-02
9.684838972905696064e-02
7.343979094307839794e-02
1.089207090879583534e-01
9.317106015246343076e-02
7.156636561732239443e-02
2.713895195493448154e-01
7.865011593909604359e-02
5.780155444330910969e-02
8.694826860774744481e-02
8.414717590205375575e-02
4.494162104040859418e-02
1.472002596660101914e-01
9.090059070422665255e-02
6.686514453947381420e-02
7.859557648943850394e-02
7.825584507108317156e-02
8.762266956866714140e-02
2.118555325460265981e-01
8.032818035651899391e-02
7.033766367698107702e-02
5.280863986041070546e-02
4.986516522659507900e-02
5.148210631230547563e-01
5.764062603205393209e-01
6.220332990276458140e-01
4.087411219127595752e-01
4.570043469243346146e-01
4.559410911760513468e-02
1.680322730473468862e-01
1.955893717229065243e-01
5.101030433701018996e-02
2.852749688056435140e-01
4.712883670445983109e-01
5.793347645482484903e-02
1.472258833240903397e-01
1.342714225748220247e-01
1.983946611718520325e-01
4.823304657503024034e-02
2.186488531462490170e-01
2.492238727976792134e-01
5.308836326669223032e-02
2.751989917252636308e-01
3.615240259909789922e-01
1.731460524468408924e-01
2.521630562522276242e-01
1.529082061394212155e-01
5.060947930375298692e-02
1.273276473301432621e-01
3.713110529418373051e-01
2.787530759195723240e-01
3.082142821550778455e-01
1.735205360294096166e-01
4.869994520234580682e-01
1.696164976147197245e-01
7.150255751733863852e-02
6.450673830664592490e-02
1.521620044703741181e-01
3.594317141280915506e-01
4.223501563379140067e-01
4.460305688137524704e-01
3.934395758611020644e-01
3.263777965405486037e-01
2.858059780547109185e-01
2.666743063818582393e-01
3.049067309854825991e-01
6.485270499359386820e-01
3.901454014022929240e-01
2.559114241895264485e-01
2.064880370404978682e-01
1.425599448685178627e-01
8.412567718463878630e-02
6.095181556117468952e-02
3.270008706316007152e-01
1.649994491733073332e-01
3.492951899666106308e-01
3.935566709199070368e-01
7.715004686009452328e-01
2.510709774238907843e-01
4.032869152547247094e-01
7.242192372756123264e-01
4.679882278167157850e-01
3.503354376012578486e-01
1.589988694134404634e-01
6.550868994679134860e-02
8.277821045904228126e-02
1.797420550911958403e-01
8.775661614895240159e-02
1.711046707844511017e-01
1.124887234961302329e-01
3.100017494336611557e-01
1.534935067612208937e-01
1.217173520728845881e-01
1.414807566522653381e-01
1.366926405827068036e-01
1.771132035007664529e-01
8.899534463579975019e-02
1.959375113499619847e-01
9.318812386143014714e-02
1.152438255392799482e-01
4.161010252727220804e-01
2.688050558867118855e-01
1.042250701131462731e-01
9.810652763664150233e-02
1.324666466006241272e-01
5.114621609099289506e-02
1.000664164149424051e-01
1.827071342791710129e-01
1.020946967606478073e-01
1.046876306560789172e-01
8.006210214590278595e-02
4.429337120430820035e-02
1.032555093013693137e-01
1.167250510696586502e-01
1.157375592443348200e-01
7.375800398639210942e-02
1.425470372984960488e-01
1.360818717431952762e-01
1.750856116738601087e-01
1.003393038808540610e-01
3.303307317452937597e-01
6.389737025085755195e-02
1.542624478490407791e-01
1.084513107024309278e-12
3.687389960277165368e-02
5.027035145793501414e-02
7.145299027004719779e-04
3.893527069068993072e-03
5.380366501209241648e-01
3.800479058832727519e-01
2.405636948343025938e-01
5.290910202147027785e-01
1.098086668876602778e-01
1.923305339890548360e-01
1.479227695177010027e-01
4.433465034685480366e-01
4.972751553420285964e-01
3.868783042173468134e-01
1.089797540863134545e-01
3.744058213359872656e-01
1.953974344548390085e-01
5.907533513458812502e-02
3.197813036456851332e-01
2.959496436864600954e-01
9.806820871574808973e-02
5.642459864402378511e-02
4.511722644044622449e-02
1.086249581095953542e-01
4.545343271973362742e-01
1.133744946771048367e-01
1.136102360317963744e-01
9.902541943222498144e-02
1.093748447725511053e-01
1.067842853370170320e-01
6.654119366054601914e-02
1.236357407839823175e-01
6.373723211130467858e-02
7.457606009584889784e-02
8.871693043261363876e-02
6.924538770348971639e-02
2.710267778239394687e-01
3.371264489504495754e-01
1.991102321067560466e-01
7.484678489770435483e-02
6.526672758002804997e-02
1.184689847225442461e-01
3.676512493114544866e-01
7.491373168576823671e-01
3.835506327290564288e-01
4.215194754142222444e-01
4.785561580852042418e-01
6.014414337491939822e-02
4.376148521111928452e-02
3.775772444306527698e-01
7.489294768015603010e-01
7.648009938012663433e-02
1.703797096338738604e-01
4.309565830711205997e-02
6.105223534344313835e-02
9.347258293221222258e-02
1.065646983331880182e-01
8.314583591362414983e-02
1.976937962488247991e-01
1.906740531230960711e-01
1.112995488470513578e-01
4.944117994340210126e-02
1.196307744446307025e-01
1.192777351903738653e-01
7.085269374507018048e-02
5.751012200627565046e-02
1.429978177555363550e-01
5.370083395350421646e-02
2.018661032249408349e-01
1.607660500501685019e-01
7.774372965412225389e-02
1.835851284321186327e-01
1.001696325486536310e-01
1.161372832316794196e-01
2.114617803751046021e-01
1.614735443503901857e-01
4.527193171334804866e-02
5.414734447537560545e-16
3.933992181771148893e-05
1.270189610223197707e-01
1.958479397239945260e-04
5.476601088008563641e-86
1.087020214537208211e-07
1.131257148677308755e-01
5.066794064198781866e-01
6.832453487356399428e-04
9.575221675580773695e-02
7.014502742388513123e-01
2.801422324680957199e-01
3.207300258140619587e-01
4.137298978521500858e-01
9.432554858608355186e-02
1.018733384678944115e-01
2.444557287822763658e-01
3.003306513868596039e-01
1.203038550084939536e-23
7.713717187923589376e-04
4.483272676378677507e-11
6.168680671861184075e-22
4.814327307519448707e-01
5.011948277311283340e-01
9.761330284518757172e-02
9.725491213460175921e-02
3.835018941152230632e-01
5.887276983374747918e-02
3.716952421428598163e-01
7.988436853606033228e-02
1.091678299403329166e-01
2.477552237114113431e-01
1.819037224301060796e-01
2.518848283577745373e-01
3.008556989624383560e-01
7.487628450894058540e-02
2.523941026065800175e-01
8.301661582624788593e-01
5.808411130183360055e-02
4.746791773184744906e-02
5.217794678578446116e-02
3.753061763833336340e-01
9.992896302696253896e-02
5.659713795612841131e-02
6.640865448938426674e-02
5.304878732532239405e-02
7.971826279759973433e-02
9.585497298446837844e-02
1.037303485038028050e-01
1.366912253029806401e-01
1.138870645744792104e-01
7.514365008007296842e-02
9.598257141324743891e-02
8.595020345177524501e-02
4.221799633486622016e-01
4.397695217696375586e-02
5.916689004398661272e-02
7.479163455813492289e-02
1.386741384138349131e-01
1.881804294975930048e-01
1.071742370412073625e-01
1.130667943272419540e-01
9.192142255344602775e-02
1.476926606576072221e-01
1.010807744426186483e-01
1.491842872992916735e-01
2.969476836618671345e-01
9.388419793116749290e-02
1.474383265289084255e-01
1.560860644561470889e-01
9.128350140641212918e-02
2.924787987742863971e-01
4.838518317475064001e-01
7.505717543314532891e-02
1.111487644689379134e-01
4.323373577727347983e-01
5.083838239899814981e-01
3.913844423949875417e-01
9.917518794267268789e-02
4.603081439406400688e-02
8.891646024915757229e-02
5.680437350825592868e-02
4.589995924179665621e-02
7.287722290886564092e-02
4.119801856788953831e-01
5.974694834333558191e-01
4.337908558465330966e-01
4.722113882621469805e-01
1.410316812766337913e-01
1.780224601084564873e-01
1.405976990742465460e-01
4.723723983804614668e-01
3.535219918143202578e-01
5.575428081706407246e-02
1.185092320845625852e-01
8.503767666345943277e-02
7.524273903299462385e-02
1.016306069039424886e-01
1.924091732249534337e-01
9.889327331431269075e-02
1.093276443901769340e-01
4.961332360089870663e-02
8.866251724312258775e-02
5.762087017466555050e-02
1.747652176446746752e-01
3.164716944109029484e-01
7.134034030779694557e-01
5.817025104249214928e-01
8.442084394104111544e-02
2.625157653965787263e-01
4.610431822782851095e-20
5.998261264179305385e-01
6.420672815260457522e-01
1.198134435279478299e-01
1.143400272745268009e-01
1.200817505746486213e-01
1.476500838341503197e-01
7.829971265004723180e-02
5.319314470976176101e-02
1.100011790152139318e-01
1.094435229022117650e-01
8.119510273191773986e-02
8.087779660083536937e-02
1.280571874347589678e-01
7.814621839702198813e-02
9.807057622775031125e-02
1.044652341748797675e-01
1.441073206679950869e-01
5.218542439496468704e-02
9.664265708104942398e-02
4.942767414607369264e-02
2.804852342760090211e-01
1.691909710752068086e-01
1.212514831481457805e-01
1.053811162884985275e-01
1.156260124459865812e-01
3.481276931337907565e-03
7.670459136715679360e-01
3.640965230769929173e-01
6.664228659337587679e-01
1.189129027783698694e-01
9.703845924999583705e-02
4.518784261367266020e-02
7.470853060329607498e-02
6.349269028404899706e-02
4.151684583897963243e-02
4.768795191368753461e-02
4.951103052613417543e-02
7.070134748255434143e-02
1.217429551361096096e-01
7.222300607697561270e-02
1.733387614872234916e-01
3.642163647946683458e-01
1.082386771306337037e-01
9.849907138982319510e-02
6.306737948415168382e-02
8.373071019884159583e-02
4.367263473634803994e-02
9.438916744618049137e-02
1.058069145070499456e-01
6.977956562915367533e-02
4.271364003226590239e-02
1.225262689358894569e-01
4.429236259230848877e-02
9.480961514800184675e-02
6.378194746431339879e-02
4.435926550869970925e-02
8.273754559334596526e-02
1.336395881258781726e-01
3.224385133714084972e-01
1.238212007237130402e-01
8.836165446850106908e-02
9.852678526016034333e-02
1.282217479638025626e-01
1.035337586368292456e-01
1.934689544118282367e-01
1.414311459198897558e-01
1.040814433030653186e-01
1.627936908084243739e-01
1.286377559664272086e-01
1.437259936866212007e-01
5.213950246968247770e-02
5.366589241644709185e-02
2.073843763592224665e-01
3.523839081350481628e-01
2.557506837461506199e-01
3.876151394733038935e-01
6.796379774522422201e-02
5.758738197169531448e-02
4.369097138434579336e-02
2.394084842200679408e-01
4.765291225955493870e-02
2.450585790505068196e-01
4.725168262970551036e-01
5.499595115004404233e-01
1.887478301799029312e-01
4.000004754680597241e-01
4.468563885472710134e-02
2.303746196085028619e-01
1.359108786106764111e-01
1.630777341534481728e-01
2.044265609851636800e-01
6.333057230481711208e-01
5.080555054994896347e-01
4.211608715607247921e-01
2.809852689040118201e-01
5.112285189880764191e-01
2.452781265663364074e-01
7.723688316998538195e-01
2.573030854182566940e-01
1.868878466033094821e-01
2.254893089436617870e-01
5.197927106188679480e-02
6.174384663919045835e-01
2.393422654954679429e-01
4.354949422268449277e-01
2.955422344288408665e-01
3.477880693542816370e-01
5.511760626569046917e-02
3.899046496000014295e-01
4.486124025891445877e-01
3.866730213201827748e-01
5.357245578734864955e-01
3.824073825385384540e-01
4.551409376564548026e-01
6.472963691873044878e-01
3.110352809936289820e-01
3.343337508355536114e-01
2.667419004540969030e-01
6.463788750065079247e-01
6.310746065452895737e-01
2.042102973702951685e-01
4.130543300237562443e-01
3.894746703535421073e-01
3.831970173844961858e-01
4.713289944189209546e-01
3.866616136767162537e-01
2.919545961591527017e-01
2.543226918652836122e-01
4.983408876890468298e-01
4.052308461982004895e-01
2.409498165260688662e-01
1.773619123550286003e-01
2.330789109030501072e-01
5.853244541771174952e-02
7.867549648082980407e-02
1.136347656135833772e-01
1.151635141951792562e-01
9.504238918682308968e-02
2.293523958783370842e-01
8.105175746913676482e-01
4.460192680797637199e-01
4.262854046390019414e-01
2.822696361092236761e-01
2.566987406640519609e-01
2.446950894194074300e-01
4.047712878006510806e-01
1.785505874737149667e-01
5.076114648334348889e-01
2.957374834904677452e-01
2.861483026197047530e-01
3.900606065671830547e-01
3.803463272577760623e-01
5.240164563339938519e-01
4.680485972313099263e-01
4.036746917726161676e-01
2.681130118046623489e-01
2.746434931862931084e-01
1.819378241904986426e-01
5.116552959752873608e-02
5.739903987020923692e-02
5.113711690985923708e-01
2.878768709844631291e-01
2.488405241244261712e-01
1.051961612306296923e-01
1.118255672038679371e-01
2.749293074691380179e-01
1.785577432089683059e-01
3.964459475530638932e-01
4.537125616757508584e-01
3.984935016812728992e-01
6.422059790634615517e-02
2.918641263154554966e-01
1.659659644627553277e-01
3.287237639353380869e-01
1.458144639610664539e-01
4.491000252631135448e-01
3.960199688529410511e-01
2.969533247484792970e-01
2.431312329857303334e-01
4.669184280831052969e-01
5.350993196843341071e-01
2.712781539917369367e-01
2.156031512289247332e-01
5.088579629552530958e-01
5.796487427561708428e-01
9.010161997286471325e-02
4.103645646574097250e-01
5.490618581425137368e-01
5.658629994474382308e-01
5.587157558383692990e-01
5.689566015710978419e-01
4.454830124475755992e-01
4.026812006615693718e-01
2.172283931070851659e-01
4.456754762463813746e-01
4.117572966103328902e-01
1.910077148444159212e-01
4.671027591694218439e-01
5.691680484296309656e-02
1.170847026823577802e-01
3.706192569638245837e-01
2.921273706762635980e-01
7.076590365789861559e-02
5.987987430866933969e-02
8.254418007665449697e-02
5.077732988464897512e-02
2.803395696615423871e-01
2.290917341235144955e-01
4.810597814186898941e-02
4.274159611294624239e-02
3.877189914357693779e-01
7.182316077680769850e-02
5.297130338664311072e-02
1.417138973935209711e-01
8.217350314032954850e-02
1.628228040996970716e-01
1.892884218139395114e-01
1.813144926976666405e-01
7.038744718096284769e-02
6.422393531554959623e-01
5.883665624101899055e-02
4.224814825254875200e-02
1.407172507895581015e-01
9.020320967420467073e-02
3.283062694773006829e-01
2.375809902362796822e-01
1.672013989394992017e-01
1.060264261136399933e-01
5.051572132318486036e-02
1.127596825148222681e-01
1.138205201865463562e-01
5.273758968991047735e-02
5.317351103722057354e-02
6.089979420297118168e-02
1.034877920594898665e-01
9.165299838318553827e-02
4.327866123334136311e-02
4.682995162909192599e-02
7.580396160540402162e-02
9.693210952751452059e-02
6.567604059847659270e-02
1.081953614415652604e-01
3.461528810995723737e-01
2.311752582824365132e-01
2.385274212832733387e-01
4.141949733392883415e-01
4.077829329332148256e-01
9.349665028506613795e-02
2.856560946983369709e-01
7.807053760525904662e-02
7.408544237255808296e-02
8.947063371111255159e-02
9.308554734269264275e-02
4.459967550042802653e-01
1.934208313071330010e-01
7.587645199192123713e-02
1.269092619683419298e-01
7.307566469653395402e-02
1.855844664901281638e-01
1.749503696954174126e-01
2.302070251838707338e-01
4.810418951287929318e-02
1.072670889682658252e-01
1.341198902949894689e-01
1.078182555618865390e-01
6.852470000620765334e-02
9.713129760363753418e-02
4.178643535487210764e-02
2.548694468979930683e-01
1.773821150539706126e-01
1.213284053478237978e-01
3.760956965057704049e-01
1.328459238769658379e-01
2.272147744446865736e-01
5.950894162530940418e-02
1.006714616403327628e-01
1.578091312623831899e-01
5.787455614323026853e-02
8.527719771685417227e-02
6.599824846265729683e-02
1.098690738070428469e-01
1.663418550115875472e-01
4.971554871307727608e-02
4.642226886712372269e-02
1.528168983951067872e-01
3.941281787189084285e-01
3.162311060034669885e-01
3.938034166147034165e-01
2.997479589692517155e-01
4.896506744138464096e-01
2.753494523572135866e-01
3.232636379997733123e-01
4.954910063539990084e-01
3.759217288682890068e-01
2.645668302820645135e-01
3.770416537712079075e-01
4.181624782030455845e-01
3.437510106930343756e-01
3.054006359634375833e-01
3.808692473316903637e-01
6.129347745222197830e-01
4.852156706148853527e-01
4.243733652016224434e-01
2.596430476348396410e-01
3.780842869429429931e-01
8.201433118147040124e-01
3.454446115169714782e-01
5.443237373289976366e-01
1.000000000000000000e+00
2.397984953266279473e-01
8.917729395758614563e-01
3.987641696214546672e-01
3.047313457504678413e-01
3.268182128344029880e-01
2.988859574622698689e-01
5.655047443064443735e-01
3.884935495629792124e-01
7.840915617041231966e-01
5.189521542752905114e-01
3.050435480558909562e-01
5.106426474824160566e-01
2.323612994915819907e-01
6.869462907702305055e-01
3.037584136010925140e-01
4.346259920961489942e-01
2.591488001024121468e-01
4.486082604028359677e-01
3.792893240108293762e-01
4.756008686593910517e-01
6.804648952024573427e-01
4.204193699354591418e-01
5.063331404131758973e-01
2.176995665921422907e-01
4.136088452103000579e-01
2.196943723871070953e-01
2.964563776854898247e-01
3.932119880515660970e-01
3.833462678738413509e-01
3.521363242329662580e-01
3.048243122238629699e-01
3.975476949179802544e-01
3.602932493694754879e-01
2.760285187801152507e-01
2.930929825568045488e-01
7.517708550967726611e-01
3.363915167561942199e-01
3.172784556452766802e-01
2.521724131195350882e-01
2.870167591565274678e-01
2.337698303151635182e-01
3.508044059390081904e-01
3.342448138066727581e-01
4.743278041466494344e-01
5.261799155250297400e-01
2.715442861603197811e-01
3.565525495773764764e-01
3.636753790775558159e-01
5.533961535835498768e-01
5.950190013204299522e-01
